L	0	0.0004676052776630968	[26.162, 28.41]	[19.604255, 18.3310625]
L	1	0.0001902537333080545	[30.084, 32.64]	[18.51236, 18.30629375]
R	0	0.00016350789519492537	[35.37, 37.58]	[17.16761125, 16.4230203125]
R	1	8.390539733227342e-05	[38.054, 40.2]	[16.69774875, 15.9735390625]
R	2	9.229593706550077e-05	[39.826, 42.06]	[15.99211125, 14.8812921875]
R	3	9.229593706550077e-05	[40.852, 43.26]	[15.442255, 14.640775]
R	4	0.0001228459004778415	[42.654, 44.57]	[15.345665, 14.4747109375]
R	5	2.2094904124969617e-05	[43.864, 45.99]	[14.8843175, 13.9759703125]
R	6	2.2094904124969617e-05	[44.312, 46.25]	[14.79587, 13.8352765625]
R	7	2.2094904124969617e-05	[44.42, 46.61]	[14.8149075, 13.9742]
R	8	2.2094904124969617e-05	[44.844, 46.68]	[14.5286125, 13.7986046875]
R	9	2.2094904124969617e-05	[44.936, 46.76]	[14.48274, 13.8659703125]
R	10	2.2094904124969617e-05	[45.314, 46.89]	[14.44742875, 13.6618125]
R	11	2.2094904124969617e-05	[45.562, 47.15]	[14.473685, 13.718903125]
R	12	2.2094904124969617e-05	[45.884, 47.26]	[14.2120325, 13.7090265625]
R	13	2.2094904124969617e-05	[46.242, 47.66]	[14.3192725, 13.6529015625]
R	14	2.2094904124969617e-05	[46.156, 47.62]	[14.13398125, 13.5660515625]
R	15	2.2094904124969617e-05	[46.412, 47.78]	[14.1258975, 13.5585578125]
R	16	2.2094904124969617e-05	[46.556, 47.69]	[14.07154375, 13.5034703125]
R	17	2.2094904124969617e-05	[46.818, 48.17]	[14.219775, 13.4624515625]
R	18	2.2094904124969617e-05	[47.034, 48.37]	[14.05384375, 13.4537421875]
R	19	2.2094904124969617e-05	[47.274, 48.37]	[13.96273375, 13.4837203125]
R	20	2.2094904124969617e-05	[47.216, 48.67]	[13.92348125, 13.404359375]
R	21	2.2094904124969617e-05	[47.678, 48.98]	[13.7026075, 13.1828046875]
R	22	2.2094904124969617e-05	[48.066, 48.97]	[13.652625, 13.2288859375]
R	23	2.2094904124969617e-05	[48.084, 49.36]	[13.51512125, 12.8558421875]
R	24	2.2094904124969617e-05	[48.38, 49.03]	[13.59629375, 13.2458921875]
R	25	2.2094904124969617e-05	[48.476, 49.4]	[13.84552625, 13.189284375]
R	26	2.2094904124969617e-05	[48.444, 49.42]	[13.70769, 13.120209375]
R	27	2.2094904124969617e-05	[48.732, 49.78]	[13.7503725, 13.010021875]
R	28	2.2094904124969617e-05	[49.134, 49.68]	[13.5298825, 12.9933125]
R	29	2.2094904124969617e-05	[48.82, 49.66]	[13.5575575, 12.8583828125]
R	30	2.2094904124969617e-05	[49.246, 49.99]	[13.37067875, 12.9267203125]
R	31	2.2094904124969617e-05	[49.296, 50.01]	[13.4156725, 12.7995921875]
R	32	2.2094904124969617e-05	[49.456, 50.1]	[13.42647625, 12.899321875]
R	33	2.2094904124969617e-05	[49.664, 50.02]	[13.03933, 12.82681875]
R	34	2.2094904124969617e-05	[49.476, 49.82]	[13.33625125, 13.034340625]
R	35	2.2094904124969617e-05	[49.74, 49.99]	[13.399185, 12.811259375]
R	36	2.2094904124969617e-05	[50.058, 50.47]	[13.09494375, 12.57986875]
R	37	2.2094904124969617e-05	[50.298, 50.41]	[13.0585925, 12.6646203125]
R	38	2.2094904124969617e-05	[50.188, 50.7]	[13.04472125, 12.7810890625]
R	39	2.2094904124969617e-05	[50.38, 50.39]	[12.99183125, 12.8103390625]
R	40	2.2094904124969617e-05	[50.712, 50.83]	[12.94636625, 12.7821]
R	41	2.2094904124969617e-05	[50.804, 50.9]	[12.93767125, 12.79588125]
R	42	2.2094904124969617e-05	[50.826, 51.19]	[12.979465, 12.698825]
R	43	2.2094904124969617e-05	[50.858, 51.1]	[13.02496875, 12.6889640625]
R	44	2.2094904124969617e-05	[51.316, 51.3]	[12.6037175, 12.31454375]
R	45	2.2094904124969617e-05	[51.34, 51.6]	[12.70318, 12.2630765625]
R	46	2.2094904124969617e-05	[51.432, 51.25]	[12.68710625, 12.2989578125]
R	47	2.2094904124969617e-05	[51.5, 51.45]	[12.78754625, 12.641784375]
R	48	2.2094904124969617e-05	[51.744, 51.44]	[12.69123875, 12.3896734375]
R	49	2.2094904124969617e-05	[51.624, 51.72]	[12.9644625, 12.514196875]
R	50	2.2094904124969617e-05	[52.006, 51.65]	[12.80718625, 12.530040625]
R	51	2.2094904124969617e-05	[51.554, 51.86]	[12.7165475, 12.5459203125]
R	52	2.2094904124969617e-05	[52.068, 51.84]	[12.48560125, 12.5047921875]
R	53	2.2094904124969617e-05	[52.18, 52.03]	[12.39910875, 12.3561109375]
R	54	2.2094904124969617e-05	[52.318, 51.97]	[12.53302875, 12.366934375]
R	55	2.2094904124969617e-05	[52.48, 51.72]	[12.62735625, 12.542003125]
R	56	2.2094904124969617e-05	[52.488, 52.17]	[12.42045625, 12.17193125]
R	57	2.2094904124969617e-05	[52.638, 51.92]	[12.59832375, 12.4347078125]
R	58	2.2094904124969617e-05	[52.582, 52.14]	[12.5784325, 12.3486671875]
R	59	2.2094904124969617e-05	[52.978, 52.33]	[12.3415125, 12.193484375]
R	60	2.2094904124969617e-05	[53.246, 52.36]	[12.25375875, 12.3027140625]
R	61	2.2094904124969617e-05	[53.08, 52.48]	[12.34958625, 12.17795]
R	62	2.2094904124969617e-05	[53.21, 52.46]	[12.2735125, 12.1529296875]
R	63	2.2094904124969617e-05	[53.29, 52.34]	[11.87234, 11.844184375]
R	64	2.2094904124969617e-05	[53.218, 52.8]	[12.145585, 11.8375921875]
R	65	2.2094904124969617e-05	[53.452, 52.63]	[12.30933125, 12.284659375]
R	66	2.2094904124969617e-05	[53.544, 52.61]	[12.17947625, 11.9672578125]
R	67	2.2094904124969617e-05	[53.5, 52.41]	[12.01722625, 11.9995421875]
R	68	2.2094904124969617e-05	[53.738, 52.65]	[12.36241125, 12.1987078125]
R	69	2.2094904124969617e-05	[53.878, 52.8]	[12.21485, 12.1111109375]
R	70	2.2094904124969617e-05	[53.904, 52.79]	[12.14776375, 12.0855609375]
R	71	2.2094904124969617e-05	[54.402, 53.04]	[12.17892125, 12.10253125]
R	72	2.2094904124969617e-05	[54.374, 53.03]	[12.03588125, 12.18576875]
R	73	2.2094904124969617e-05	[54.498, 53.02]	[11.7730575, 11.8036890625]
R	74	2.2094904124969617e-05	[54.538, 53.37]	[11.986955, 11.835453125]
R	75	2.2094904124969617e-05	[54.512, 53.07]	[11.93117125, 11.7875328125]
R	76	2.2094904124969617e-05	[54.5, 53.01]	[11.9894825, 11.9941140625]
R	77	2.2094904124969617e-05	[54.83, 53.16]	[11.78291625, 11.9625]
R	78	2.2094904124969617e-05	[54.718, 53.32]	[11.63219625, 11.476109375]
R	79	2.2094904124969617e-05	[55.09, 53.54]	[11.81619, 11.87068125]
R	80	2.2094904124969617e-05	[55.21, 53.25]	[11.88031125, 11.88265]
R	81	2.2094904124969617e-05	[55.086, 53.24]	[11.77259, 11.8639125]
R	82	2.2094904124969617e-05	[55.194, 53.38]	[11.82711, 11.8468828125]
R	83	2.2094904124969617e-05	[55.322, 53.41]	[11.67282125, 11.825309375]
R	84	2.2094904124969617e-05	[55.456, 53.74]	[11.8097175, 11.613578125]
R	85	2.2094904124969617e-05	[55.406, 53.56]	[11.6238625, 11.753778125]
R	86	2.2094904124969617e-05	[55.49, 53.74]	[11.8789025, 11.8149046875]
R	87	2.2094904124969617e-05	[55.486, 53.67]	[11.70654, 11.778634375]
R	88	2.2094904124969617e-05	[55.8, 54.01]	[11.43502375, 11.460853125]
R	89	2.2094904124969617e-05	[56.11, 53.73]	[11.6971525, 11.9263]
R	90	2.2094904124969617e-05	[55.89, 53.95]	[11.64265375, 11.479284375]
R	91	2.2094904124969617e-05	[55.906, 53.89]	[11.58649125, 11.634259375]
R	92	2.2094904124969617e-05	[55.97, 54.05]	[11.7352075, 11.8543859375]
R	93	2.2094904124969617e-05	[56.268, 54.09]	[11.54019375, 11.845565625]
R	94	2.2094904124969617e-05	[56.272, 53.92]	[11.54664125, 11.6816796875]
R	95	2.2094904124969617e-05	[56.434, 53.78]	[11.5547275, 11.5944640625]
R	96	2.2094904124969617e-05	[56.544, 53.9]	[11.2200825, 11.4263375]
R	97	2.2094904124969617e-05	[56.598, 54.25]	[11.53728875, 11.7607609375]
R	98	2.2094904124969617e-05	[56.58, 53.9]	[11.59281375, 11.99129375]
R	99	2.2094904124969617e-05	[56.608, 53.95]	[11.386985, 11.61270625]
R	100	2.2094904124969617e-05	[57.142, 53.95]	[11.20265625, 11.652446875]
R	101	2.2094904124969617e-05	[56.824, 54.28]	[11.481805, 11.7254046875]
R	102	2.2094904124969617e-05	[57.328, 54.61]	[11.29905375, 11.607465625]
R	103	2.2094904124969617e-05	[57.042, 54.5]	[11.388205, 11.5749796875]
R	104	2.2094904124969617e-05	[57.308, 54.04]	[11.09231, 11.55223125]
R	105	2.2094904124969617e-05	[57.292, 54.47]	[11.30002125, 11.7868671875]
R	106	2.2094904124969617e-05	[57.3, 54.65]	[11.22815125, 11.5380703125]
R	107	2.2094904124969617e-05	[57.556, 54.55]	[11.08919, 11.5142046875]
R	108	2.2094904124969617e-05	[57.378, 54.7]	[11.16856125, 11.48416875]
R	109	2.2094904124969617e-05	[57.718, 54.7]	[11.07398625, 11.32158125]
R	110	2.2094904124969617e-05	[57.402, 54.74]	[11.30224625, 11.373746875]
R	111	2.2094904124969617e-05	[57.486, 54.56]	[11.1188325, 11.5405984375]
R	112	2.2094904124969617e-05	[57.954, 54.77]	[11.06437, 11.5441203125]
R	113	2.2094904124969617e-05	[57.692, 54.56]	[11.07119625, 11.444484375]
R	114	2.2094904124969617e-05	[57.928, 54.47]	[10.90617875, 11.5477328125]
R	115	2.2094904124969617e-05	[58.038, 54.91]	[10.98451875, 11.4467359375]
R	116	2.2094904124969617e-05	[58.256, 55.01]	[10.78430875, 11.375134375]
R	117	2.2094904124969617e-05	[58.276, 54.76]	[10.828985, 11.59081875]
R	118	2.2094904124969617e-05	[58.55, 54.87]	[11.16153875, 11.6367390625]
R	119	2.2094904124969617e-05	[58.548, 54.91]	[10.91045125, 11.4416421875]
R	120	2.2094904124969617e-05	[58.57, 54.88]	[10.74251125, 11.554040625]
R	121	2.2094904124969617e-05	[58.24, 55.12]	[10.8862625, 11.2768296875]
R	122	2.2094904124969617e-05	[58.574, 54.91]	[10.952385, 11.5236703125]
R	123	2.2094904124969617e-05	[58.8, 55.04]	[10.781525, 11.3930875]
R	124	2.2094904124969617e-05	[58.562, 55.39]	[11.09901125, 11.4414546875]
R	125	2.2094904124969617e-05	[58.938, 55.21]	[10.85479125, 11.5149515625]
R	126	2.2094904124969617e-05	[58.976, 55.2]	[10.731765, 11.275859375]
R	127	2.2094904124969617e-05	[58.98, 54.95]	[10.6950375, 11.3772078125]
R	128	2.2094904124969617e-05	[59.192, 55.27]	[10.508405, 11.3775328125]
R	129	2.2094904124969617e-05	[58.918, 55.37]	[10.58748875, 11.1312171875]
R	130	2.2094904124969617e-05	[59.152, 55.22]	[10.81638, 11.3704375]
R	131	2.2094904124969617e-05	[59.406, 55.27]	[10.4633725, 11.2436]
R	132	2.2094904124969617e-05	[59.158, 55.42]	[10.72959375, 11.5804609375]
R	133	2.2094904124969617e-05	[59.454, 55.55]	[10.69610875, 11.211528125]
R	134	2.2094904124969617e-05	[59.478, 55.48]	[10.56178875, 11.2452359375]
R	135	2.2094904124969617e-05	[59.552, 55.25]	[10.91734875, 11.49190625]
R	136	2.2094904124969617e-05	[59.74, 55.58]	[10.7279575, 11.3945375]
R	137	2.2094904124969617e-05	[60.062, 55.77]	[10.485558125, 11.284646875]
R	138	2.2094904124969617e-05	[60.056, 55.48]	[10.400256875, 11.1498140625]
R	139	2.2094904124969617e-05	[59.626, 55.22]	[10.436541875, 11.2685171875]
R	140	2.2094904124969617e-05	[60.112, 55.74]	[10.64388875, 11.441246875]
R	141	2.2094904124969617e-05	[60.036, 55.38]	[10.54997, 11.2439234375]
R	142	2.2094904124969617e-05	[60.136, 55.61]	[10.464575625, 11.3594]
R	143	2.2094904124969617e-05	[60.014, 55.63]	[10.50346, 11.156171875]
R	144	2.2094904124969617e-05	[60.036, 55.65]	[10.66183625, 11.2529640625]
R	145	2.2094904124969617e-05	[60.296, 55.82]	[10.244195, 11.287396875]
R	146	2.2094904124969617e-05	[60.442, 55.58]	[10.39085625, 11.2407234375]
R	147	2.2094904124969617e-05	[60.638, 55.51]	[10.52969875, 11.4828765625]
R	148	2.2094904124969617e-05	[60.75, 56.01]	[10.1163525, 11.0742640625]
R	149	2.2094904124969617e-05	[60.368, 55.78]	[10.41460625, 11.2267328125]
R	150	2.2094904124969617e-05	[60.63, 55.54]	[10.29908125, 11.2534515625]
R	151	2.2094904124969617e-05	[60.3, 55.45]	[10.47032, 11.2403140625]
R	152	2.2094904124969617e-05	[60.93, 55.62]	[10.41293125, 11.1112375]
R	153	2.2094904124969617e-05	[60.886, 55.72]	[10.34302375, 11.3875796875]
R	154	2.2094904124969617e-05	[60.81, 55.75]	[10.26437125, 11.4069890625]
R	155	2.2094904124969617e-05	[60.908, 55.76]	[10.2862475, 11.3175171875]
R	156	2.2094904124969617e-05	[60.788, 55.5]	[10.2937675, 11.3344046875]
R	157	2.2094904124969617e-05	[61.238, 56.02]	[10.231825625, 11.255096875]
R	158	2.2094904124969617e-05	[61.238, 55.98]	[10.365195, 11.520346875]
R	159	2.2094904124969617e-05	[61.104, 55.96]	[10.26751625, 11.2306265625]
R	160	2.2094904124969617e-05	[61.51, 55.66]	[10.202324375, 11.4491921875]
R	161	2.2094904124969617e-05	[61.238, 55.78]	[10.0718125, 11.226346875]
R	162	2.2094904124969617e-05	[61.42, 56.34]	[9.94414125, 11.3166390625]
R	163	2.2094904124969617e-05	[61.84, 56.14]	[10.057155625, 11.22150625]
R	164	2.2094904124969617e-05	[61.552, 56.22]	[10.04104125, 11.1091015625]
R	165	2.2094904124969617e-05	[61.558, 56.12]	[10.319238125, 11.3128]
R	166	2.2094904124969617e-05	[61.908, 56.1]	[9.8539125, 11.126515625]
R	167	2.2094904124969617e-05	[61.614, 56.35]	[10.025195, 11.202446875]
R	168	2.2094904124969617e-05	[61.758, 56.11]	[9.90427375, 11.1654203125]
R	169	2.2094904124969617e-05	[61.876, 56.21]	[9.85210375, 11.15008125]
R	170	2.2094904124969617e-05	[61.988, 56.39]	[9.849758125, 10.9743453125]
R	171	2.2094904124969617e-05	[62.052, 56.45]	[10.01379875, 11.2351765625]
R	172	2.2094904124969617e-05	[62.1, 56.01]	[10.072755, 11.514415625]
R	173	2.2094904124969617e-05	[62.33, 56.12]	[9.8983775, 11.4610765625]
R	174	2.2094904124969617e-05	[62.456, 56.46]	[9.61968625, 10.924821875]
R	175	2.2094904124969617e-05	[62.176, 56.49]	[9.7319425, 10.940765625]
R	176	2.2094904124969617e-05	[62.398, 56.59]	[9.72485875, 10.8574890625]
R	177	2.2094904124969617e-05	[62.446, 56.35]	[10.00053, 11.3188375]
R	178	2.2094904124969617e-05	[62.392, 56.32]	[10.0445925, 11.3915984375]
R	179	2.2094904124969617e-05	[62.518, 56.33]	[10.103274375, 11.3407875]
R	180	2.2094904124969617e-05	[62.666, 56.22]	[9.703079375, 11.1262734375]
R	181	2.2094904124969617e-05	[62.594, 56.54]	[9.871965, 11.205859375]
R	182	2.2094904124969617e-05	[62.716, 56.22]	[9.9188225, 11.2363578125]
R	183	2.2094904124969617e-05	[62.576, 56.54]	[9.76953375, 11.0489796875]
R	184	2.2094904124969617e-05	[62.65, 56.32]	[9.812090625, 11.1480109375]
R	185	2.2094904124969617e-05	[62.602, 56.46]	[9.78572125, 11.175684375]
R	186	2.2094904124969617e-05	[63.01, 56.4]	[9.68194125, 11.1376515625]
R	187	2.2094904124969617e-05	[63.0, 56.29]	[9.480711875, 10.897090625]
R	188	2.2094904124969617e-05	[63.172, 56.57]	[9.7447025, 11.034734375]
R	189	2.2094904124969617e-05	[63.29, 56.53]	[9.585356875, 11.0774875]
R	190	2.2094904124969617e-05	[63.394, 56.51]	[9.4761875, 11.0557328125]
R	191	2.2094904124969617e-05	[63.114, 56.61]	[9.76423375, 11.11000625]
R	192	2.2094904124969617e-05	[63.214, 56.81]	[9.7315725, 11.1061796875]
R	193	2.2094904124969617e-05	[63.096, 56.59]	[9.65688625, 10.99364375]
R	194	2.2094904124969617e-05	[63.186, 56.47]	[9.77736375, 11.1759921875]
R	195	2.2094904124969617e-05	[63.554, 56.79]	[9.64458375, 11.067971875]
R	196	2.2094904124969617e-05	[63.222, 56.59]	[9.59384125, 10.98215]
R	197	2.2094904124969617e-05	[63.346, 56.64]	[9.63442875, 11.24376875]
R	198	2.2094904124969617e-05	[63.764, 56.83]	[9.548855, 11.16061875]
R	199	1.9999999494757503e-05	[63.602, 56.87]	[9.62892, 11.145678125]