L	0	0.00247171800583601	[49.936, 46.45]	[14.31050125, 15.11635]
L	1	0.0006908024661242962	[55.65, 51.28]	[11.56554375, 12.641275]
R	0	3.9142480090959e-05	[59.394, 53.71]	[10.7359375, 11.9015]
R	1	2.6734836865216494e-05	[61.836, 55.0]	[10.25604, 11.99964375]
R	2	4.736240589409135e-05	[62.424, 55.17]	[9.74469125, 11.4221828125]
R	3	4.736240589409135e-05	[63.882, 55.89]	[9.402935, 11.25095]
R	4	3.2349154935218394e-05	[64.332, 56.18]	[9.5843125, 11.6442328125]
R	5	1.1338176591380034e-05	[65.392, 56.91]	[9.088735, 11.000975]
R	6	1.1338176591380034e-05	[65.816, 56.92]	[8.988795625, 11.1573265625]
R	7	1.1338176591380034e-05	[66.088, 57.08]	[8.786788125, 10.9588828125]
R	8	1.1338176591380034e-05	[66.366, 56.97]	[8.6977325, 10.9875359375]
R	9	1.1338176591380034e-05	[66.304, 57.27]	[8.8016275, 11.0449328125]
R	10	1.1338176591380034e-05	[66.4, 57.39]	[8.86720375, 11.0644125]
R	11	1.1338176591380034e-05	[66.748, 57.39]	[8.708575, 10.9614171875]
R	12	1.1338176591380034e-05	[67.022, 57.61]	[8.458296875, 10.721621875]
R	13	1.1338176591380034e-05	[67.088, 57.17]	[8.6321025, 11.07231875]
R	14	1.1338176591380034e-05	[67.404, 57.6]	[8.72205625, 11.0062359375]
R	15	1.1338176591380034e-05	[67.282, 57.61]	[8.44932375, 10.6624625]
R	16	1.1338176591380034e-05	[67.592, 57.45]	[8.562766875, 10.8873109375]
R	17	1.1338176591380034e-05	[67.754, 57.25]	[8.43544875, 10.9841625]
R	18	1.1338176591380034e-05	[67.704, 57.69]	[8.36866875, 10.7756828125]
R	19	1.1338176591380034e-05	[67.834, 57.43]	[8.418060625, 11.004075]
R	20	1.1338176591380034e-05	[68.192, 57.68]	[8.260200625, 10.7995359375]
R	21	1.1338176591380034e-05	[68.3, 57.82]	[8.24773375, 10.804340625]
R	22	1.1338176591380034e-05	[68.232, 57.73]	[8.37831625, 10.8519359375]
R	23	1.1338176591380034e-05	[68.42, 57.64]	[8.15260125, 10.69570625]
R	24	1.1338176591380034e-05	[68.442, 57.64]	[8.25903875, 10.86555]
R	25	1.1338176591380034e-05	[68.524, 57.8]	[8.05275625, 10.7247]
R	26	1.1338176591380034e-05	[68.492, 58.01]	[8.16640625, 10.7627328125]
R	27	1.1338176591380034e-05	[68.452, 57.68]	[8.27793625, 10.7967921875]
R	28	1.1338176591380034e-05	[68.938, 57.97]	[8.13109625, 10.8667625]
R	29	1.1338176591380034e-05	[68.85, 57.88]	[8.2362875, 10.8325296875]
R	30	1.1338176591380034e-05	[68.846, 57.89]	[8.0793175, 10.6253734375]
R	31	1.1338176591380034e-05	[68.904, 57.8]	[8.087796875, 10.7641359375]
R	32	1.1338176591380034e-05	[69.254, 57.72]	[8.1587725, 10.8954421875]
R	33	1.1338176591380034e-05	[69.26, 58.07]	[8.008971875, 10.62106875]
R	34	1.1338176591380034e-05	[69.35, 57.84]	[8.020985, 10.78983125]
R	35	1.1338176591380034e-05	[69.494, 57.51]	[7.99237875, 10.9629875]
R	36	1.1338176591380034e-05	[69.626, 58.1]	[7.8073975, 10.6716953125]
R	37	1.1338176591380034e-05	[69.552, 57.74]	[7.98788125, 10.7532859375]
R	38	1.1338176591380034e-05	[69.792, 58.23]	[7.8592, 10.6436375]
R	39	1.1338176591380034e-05	[69.636, 57.9]	[7.79770625, 10.71615]
R	40	1.1338176591380034e-05	[69.888, 57.84]	[7.9062125, 10.7524125]
R	41	1.1338176591380034e-05	[69.782, 57.91]	[7.865504375, 10.7232828125]
R	42	1.1338176591380034e-05	[69.872, 58.04]	[7.793071875, 10.76961875]
R	43	1.1338176591380034e-05	[69.964, 57.93]	[7.97980625, 10.826625]
R	44	1.1338176591380034e-05	[69.952, 58.04]	[7.96078875, 10.8465453125]
R	45	1.1338176591380034e-05	[70.3, 58.08]	[7.73179625, 10.8703]
R	46	1.1338176591380034e-05	[70.244, 57.97]	[7.65789125, 10.677346875]
R	47	1.1338176591380034e-05	[70.078, 57.98]	[7.9012825, 10.90981875]
R	48	1.1338176591380034e-05	[70.36, 58.09]	[7.773693125, 10.7269265625]
R	49	1.1338176591380034e-05	[70.336, 58.12]	[7.786114375, 10.8351796875]
R	50	1.1338176591380034e-05	[70.41, 58.08]	[7.82760125, 10.8171375]
R	51	1.1338176591380034e-05	[70.374, 58.07]	[7.659233125, 10.6041359375]
R	52	1.1338176591380034e-05	[70.554, 58.27]	[7.778846875, 10.488278125]
R	53	1.1338176591380034e-05	[70.44, 58.16]	[7.68693875, 10.6742484375]
R	54	1.1338176591380034e-05	[70.79, 58.06]	[7.56893375, 10.4936984375]
R	55	1.1338176591380034e-05	[70.43, 58.16]	[7.695359375, 10.6115609375]
R	56	1.1338176591380034e-05	[70.856, 58.09]	[7.61539125, 10.681534375]
R	57	1.1338176591380034e-05	[70.878, 58.16]	[7.6165375, 10.67216875]
R	58	1.1338176591380034e-05	[70.902, 58.08]	[7.59962875, 10.67998125]
R	59	1.1338176591380034e-05	[70.88, 58.31]	[7.69353625, 10.636315625]
R	60	1.1338176591380034e-05	[70.804, 57.81]	[7.62493625, 10.7886859375]
R	61	1.1338176591380034e-05	[70.914, 58.3]	[7.5325175, 10.525159375]
R	62	1.1338176591380034e-05	[71.0, 58.04]	[7.6621, 10.6786984375]
R	63	1.1338176591380034e-05	[70.844, 58.2]	[7.512430625, 10.5392453125]
R	64	1.1338176591380034e-05	[71.254, 58.27]	[7.428915, 10.5035578125]
R	65	1.1338176591380034e-05	[71.138, 58.25]	[7.5508225, 10.496071875]
R	66	1.1338176591380034e-05	[71.14, 58.11]	[7.3816975, 10.7306359375]
R	67	1.1338176591380034e-05	[71.252, 57.89]	[7.40132875, 10.6187125]
R	68	1.1338176591380034e-05	[71.426, 58.29]	[7.27896375, 10.507471875]
R	69	1.1338176591380034e-05	[71.5, 58.19]	[7.4684625, 10.5900671875]
R	70	1.1338176591380034e-05	[71.102, 57.97]	[7.52436, 10.8312390625]
R	71	1.1338176591380034e-05	[71.606, 58.16]	[7.370365, 10.687603125]
R	72	1.1338176591380034e-05	[71.868, 58.2]	[7.28693375, 10.5223234375]
R	73	1.1338176591380034e-05	[71.758, 58.31]	[7.3836275, 10.5853578125]
R	74	1.1338176591380034e-05	[71.658, 58.35]	[7.34804625, 10.6421125]
R	75	1.1338176591380034e-05	[71.638, 58.1]	[7.291190625, 10.5717515625]
R	76	1.1338176591380034e-05	[71.718, 58.38]	[7.27407875, 10.455834375]
R	77	1.1338176591380034e-05	[71.53, 58.21]	[7.383681875, 10.7221828125]
R	78	1.1338176591380034e-05	[71.536, 58.37]	[7.440030625, 10.536915625]
R	79	1.1338176591380034e-05	[71.926, 58.49]	[7.31823875, 10.514128125]
R	80	1.1338176591380034e-05	[71.956, 58.16]	[7.351339375, 10.6206734375]
R	81	1.1338176591380034e-05	[71.914, 58.42]	[7.38806875, 10.5178421875]
R	82	1.1338176591380034e-05	[71.77, 58.52]	[7.297225, 10.4804015625]
R	83	1.1338176591380034e-05	[72.076, 58.22]	[7.31939625, 10.4665140625]
R	84	1.1338176591380034e-05	[71.852, 58.41]	[7.356505, 10.5356625]
R	85	1.1338176591380034e-05	[71.89, 58.35]	[7.3312975, 10.5969859375]
R	86	1.1338176591380034e-05	[72.04, 58.42]	[7.31930875, 10.625278125]
R	87	1.1338176591380034e-05	[71.914, 58.5]	[7.17283875, 10.470715625]
R	88	1.1338176591380034e-05	[71.874, 58.45]	[7.3964825, 10.6841265625]
R	89	1.1338176591380034e-05	[71.986, 58.38]	[7.27754125, 10.59375625]
R	90	1.1338176591380034e-05	[72.132, 58.27]	[7.28391, 10.651425]
R	91	1.1338176591380034e-05	[71.986, 58.33]	[7.40685125, 10.669240625]
R	92	1.1338176591380034e-05	[72.148, 58.63]	[7.15419625, 10.517815625]
R	93	1.1338176591380034e-05	[72.228, 58.16]	[7.2623825, 10.6002484375]
R	94	1.1338176591380034e-05	[72.31, 58.45]	[7.18095125, 10.41653125]
R	95	1.1338176591380034e-05	[72.132, 58.19]	[7.1791625, 10.490540625]
R	96	1.1338176591380034e-05	[72.01, 58.38]	[7.25040375, 10.5750953125]
R	97	1.1338176591380034e-05	[72.29, 58.5]	[7.2340925, 10.4616578125]
R	98	1.1338176591380034e-05	[72.248, 58.45]	[7.14868875, 10.497828125]
R	99	1.1338176591380034e-05	[72.428, 58.37]	[7.19011125, 10.5338984375]
R	100	1.1338176591380034e-05	[72.592, 58.4]	[7.03767875, 10.452090625]
R	101	1.1338176591380034e-05	[72.624, 58.5]	[7.0036175, 10.5186109375]
R	102	1.1338176591380034e-05	[72.378, 58.37]	[7.17588, 10.4267703125]
R	103	1.1338176591380034e-05	[72.458, 58.44]	[7.09125375, 10.386328125]
R	104	1.1338176591380034e-05	[72.348, 58.47]	[7.17571375, 10.3687140625]
R	105	1.1338176591380034e-05	[72.602, 58.48]	[7.125416875, 10.5984171875]
R	106	1.1338176591380034e-05	[72.746, 58.54]	[7.11567125, 10.4066265625]
R	107	1.1338176591380034e-05	[72.656, 58.65]	[7.0926625, 10.39801875]
R	108	1.1338176591380034e-05	[72.554, 58.65]	[7.0272025, 10.2007546875]
R	109	1.1338176591380034e-05	[72.756, 58.53]	[7.02484, 10.4380890625]
R	110	1.1338176591380034e-05	[72.856, 58.54]	[6.97320625, 10.3522375]
R	111	1.1338176591380034e-05	[72.882, 58.45]	[6.99498875, 10.249878125]
R	112	1.1338176591380034e-05	[72.664, 58.59]	[7.0029875, 10.3216625]
R	113	1.1338176591380034e-05	[72.772, 58.44]	[7.0281725, 10.503365625]
R	114	1.1338176591380034e-05	[72.58, 58.72]	[7.038626875, 10.3168328125]
R	115	1.1338176591380034e-05	[72.606, 58.75]	[7.115955625, 10.4777359375]
R	116	1.1338176591380034e-05	[72.812, 58.57]	[7.019003125, 10.5041265625]
R	117	1.1338176591380034e-05	[72.654, 58.79]	[6.97729125, 10.343265625]
R	118	1.1338176591380034e-05	[72.84, 58.24]	[6.98967625, 10.5161984375]
R	119	1.1338176591380034e-05	[72.92, 58.58]	[7.06653, 10.5164921875]
R	120	1.1338176591380034e-05	[73.098, 58.51]	[6.94493125, 10.4980078125]
R	121	1.1338176591380034e-05	[72.956, 58.61]	[7.09457625, 10.4527875]
R	122	1.1338176591380034e-05	[72.83, 58.63]	[6.933559375, 10.384634375]
R	123	1.1338176591380034e-05	[73.118, 58.53]	[7.00701375, 10.3726546875]
R	124	1.1338176591380034e-05	[73.002, 58.93]	[6.96036625, 10.364140625]
R	125	1.1338176591380034e-05	[73.1, 58.58]	[6.9356775, 10.3317859375]
R	126	1.1338176591380034e-05	[72.93, 58.39]	[7.021408125, 10.7194390625]
R	127	1.1338176591380034e-05	[73.138, 58.49]	[7.13188375, 10.484428125]
R	128	1.1338176591380034e-05	[73.024, 58.64]	[7.0751825, 10.51065625]
R	129	1.1338176591380034e-05	[73.11, 58.68]	[6.99061375, 10.4422828125]
R	130	1.1338176591380034e-05	[73.14, 58.72]	[7.02092125, 10.45573125]
R	131	1.1338176591380034e-05	[73.272, 58.72]	[6.98285375, 10.3496953125]
R	132	1.1338176591380034e-05	[73.226, 58.66]	[6.95162125, 10.40765]
R	133	1.1338176591380034e-05	[73.182, 58.5]	[6.94770625, 10.2788640625]
R	134	1.1338176591380034e-05	[73.386, 58.73]	[6.8231325, 10.2362390625]
R	135	1.1338176591380034e-05	[73.272, 58.34]	[7.00260625, 10.453271875]
R	136	1.1338176591380034e-05	[73.444, 58.62]	[6.80631375, 10.3381359375]
R	137	1.1338176591380034e-05	[73.264, 58.58]	[6.935073125, 10.4921359375]
R	138	1.1338176591380034e-05	[73.274, 58.74]	[6.884608125, 10.4346328125]
R	139	1.1338176591380034e-05	[73.322, 58.34]	[6.96352375, 10.725425]
R	140	1.1338176591380034e-05	[73.398, 58.72]	[6.9752275, 10.339509375]
R	141	1.1338176591380034e-05	[73.492, 58.8]	[6.81460125, 10.4095828125]
R	142	1.1338176591380034e-05	[73.394, 58.55]	[6.795905, 10.4525359375]
R	143	1.1338176591380034e-05	[73.436, 58.74]	[6.863133125, 10.4506875]
R	144	1.1338176591380034e-05	[73.482, 58.76]	[6.9119625, 10.308296875]
R	145	1.1338176591380034e-05	[73.578, 58.57]	[6.82468, 10.4194421875]
R	146	1.1338176591380034e-05	[73.26, 58.82]	[6.98196875, 10.2317875]
R	147	1.1338176591380034e-05	[73.644, 58.71]	[6.83826875, 10.3643734375]
R	148	1.1338176591380034e-05	[73.516, 58.57]	[6.78273375, 10.3360765625]
R	149	1.1338176591380034e-05	[73.584, 58.73]	[6.96532375, 10.34148125]
R	150	1.1338176591380034e-05	[73.612, 58.8]	[6.8317025, 10.329878125]
R	151	1.1338176591380034e-05	[73.366, 58.56]	[6.96695, 10.501878125]
R	152	1.1338176591380034e-05	[73.5, 58.45]	[6.91332875, 10.572771875]
R	153	1.1338176591380034e-05	[73.862, 58.59]	[6.782108125, 10.4268125]
R	154	1.1338176591380034e-05	[73.776, 58.71]	[6.8360975, 10.3608390625]
R	155	1.1338176591380034e-05	[73.808, 58.68]	[6.785854375, 10.33956875]
R	156	1.1338176591380034e-05	[73.676, 58.72]	[6.912281875, 10.53885]
R	157	1.1338176591380034e-05	[73.882, 58.51]	[6.795895625, 10.3572984375]
R	158	1.1338176591380034e-05	[73.708, 58.72]	[6.949291875, 10.520140625]
R	159	1.1338176591380034e-05	[73.852, 58.68]	[6.6648375, 10.4824625]
R	160	1.1338176591380034e-05	[73.916, 58.54]	[6.84756, 10.5312875]
R	161	1.1338176591380034e-05	[73.894, 58.78]	[6.87536, 10.5430015625]
R	162	1.1338176591380034e-05	[73.784, 58.64]	[6.793774375, 10.3417203125]
R	163	1.1338176591380034e-05	[74.008, 58.8]	[6.67582125, 10.23975]
R	164	1.1338176591380034e-05	[73.824, 58.72]	[6.8340825, 10.375546875]
R	165	1.1338176591380034e-05	[73.902, 58.74]	[6.746290625, 10.37885625]
R	166	1.1338176591380034e-05	[73.712, 58.57]	[6.86061375, 10.672971875]
R	167	1.1338176591380034e-05	[74.114, 58.68]	[6.7862225, 10.371375]
R	168	1.1338176591380034e-05	[73.998, 58.77]	[6.81086125, 10.499021875]
R	169	1.1338176591380034e-05	[74.188, 58.9]	[6.783669375, 10.22430625]
R	170	1.1338176591380034e-05	[74.152, 58.55]	[6.678056875, 10.430853125]
R	171	1.1338176591380034e-05	[74.024, 58.74]	[6.63433875, 10.2686828125]
R	172	1.1338176591380034e-05	[74.098, 58.68]	[6.75262875, 10.4569890625]
R	173	1.1338176591380034e-05	[74.288, 58.76]	[6.6260175, 10.3993796875]
R	174	1.1338176591380034e-05	[74.062, 58.92]	[6.78061625, 10.2998171875]
R	175	1.1338176591380034e-05	[74.382, 58.73]	[6.72162125, 10.4733671875]
R	176	1.1338176591380034e-05	[74.368, 58.72]	[6.79159625, 10.455584375]
R	177	1.1338176591380034e-05	[74.222, 58.77]	[6.631711875, 10.4046015625]
R	178	1.1338176591380034e-05	[74.504, 58.46]	[6.51879375, 10.44765625]
R	179	1.1338176591380034e-05	[74.174, 58.5]	[6.68004125, 10.469596875]
R	180	1.1338176591380034e-05	[74.214, 58.74]	[6.59681625, 10.2676359375]
R	181	1.1338176591380034e-05	[74.152, 58.85]	[6.5505225, 10.1558953125]
R	182	1.1338176591380034e-05	[74.264, 58.73]	[6.728813125, 10.347828125]
R	183	1.1338176591380034e-05	[74.31, 58.77]	[6.60586875, 10.272825]
R	184	1.1338176591380034e-05	[74.434, 58.57]	[6.78447375, 10.549140625]
R	185	1.1338176591380034e-05	[74.17, 58.66]	[6.67387125, 10.4996515625]
R	186	1.1338176591380034e-05	[74.374, 58.76]	[6.61982, 10.3153125]
R	187	1.1338176591380034e-05	[74.296, 58.46]	[6.694735625, 10.568865625]
R	188	1.1338176591380034e-05	[74.386, 58.77]	[6.6795125, 10.259015625]
R	189	1.1338176591380034e-05	[74.586, 58.69]	[6.60020375, 10.5583453125]
R	190	1.1338176591380034e-05	[74.554, 58.72]	[6.582479375, 10.446746875]
R	191	1.1338176591380034e-05	[74.544, 58.6]	[6.5220225, 10.3388265625]
R	192	1.1338176591380034e-05	[74.388, 58.54]	[6.608215, 10.402753125]
R	193	1.1338176591380034e-05	[74.356, 58.75]	[6.62892, 10.2994125]
R	194	1.1338176591380034e-05	[74.538, 58.73]	[6.7566, 10.4881359375]
R	195	1.1338176591380034e-05	[74.234, 58.75]	[6.64908875, 10.3960265625]
R	196	1.1338176591380034e-05	[74.518, 58.84]	[6.5504425, 10.3904875]
R	197	1.1338176591380034e-05	[74.55, 58.77]	[6.451811875, 10.29836875]
R	198	1.1338176591380034e-05	[74.666, 58.7]	[6.457635, 10.4299734375]
R	199	1.1338176591380034e-05	[74.34, 58.71]	[6.6095125, 10.4618625]
