L	0	0.08783970773220062	[97.998, 86.44]	[0.0043921875, 0.0342953125]
L	1	0.09493391215801239	[98.094, 86.46]	[0.004135625, 0.0344953125]
R	0	5.730851262342185e-05	[97.378, 85.87]	[0.00588375, 0.035925]
R	1	7.6277632615529e-05	[98.046, 86.42]	[0.004298125, 0.0344421875]
R	2	3.9142480090959e-05	[98.032, 86.4]	[0.0043021875, 0.0334546875]
R	3	6.303936243057251e-05	[97.948, 86.45]	[0.0046246875, 0.03505]
R	4	7.6277632615529e-05	[97.916, 86.42]	[0.0049909375, 0.0342546875]
R	5	1.3719195521844085e-05	[98.082, 86.56]	[0.0044703125, 0.0340703125]
R	6	1.3719195521844085e-05	[97.928, 86.51]	[0.00466875, 0.0343921875]
R	7	1.3719195521844085e-05	[98.02, 86.56]	[0.0042875, 0.033609375]
R	8	1.3719195521844085e-05	[98.026, 86.53]	[0.0047996875, 0.0341]
R	9	1.3719195521844085e-05	[98.044, 86.49]	[0.0041578125, 0.0341453125]
R	10	1.3719195521844085e-05	[98.018, 86.54]	[0.0043703125, 0.034240625]
R	11	1.3719195521844085e-05	[98.008, 86.52]	[0.004409375, 0.0340625]
R	12	1.3719195521844085e-05	[98.022, 86.52]	[0.00467125, 0.0340609375]
R	13	1.3719195521844085e-05	[98.086, 86.55]	[0.004395, 0.03384375]
R	14	1.3719195521844085e-05	[97.958, 86.53]	[0.0043559375, 0.0337734375]
R	15	1.3719195521844085e-05	[98.096, 86.54]	[0.0040340625, 0.0337875]
R	16	1.3719195521844085e-05	[98.008, 86.49]	[0.004451875, 0.0341875]
R	17	1.3719195521844085e-05	[98.018, 86.52]	[0.0045403125, 0.0342546875]
R	18	1.3719195521844085e-05	[98.066, 86.49]	[0.004548125, 0.0343765625]
R	19	1.3719195521844085e-05	[98.056, 86.54]	[0.0045284375, 0.033953125]
R	20	1.3719195521844085e-05	[98.026, 86.49]	[0.004438125, 0.03415]
R	21	1.3719195521844085e-05	[98.012, 86.5]	[0.0045809375, 0.0337578125]
R	22	1.3719195521844085e-05	[98.03, 86.46]	[0.004175625, 0.033934375]
R	23	1.3719195521844085e-05	[98.124, 86.49]	[0.0041984375, 0.0340140625]
R	24	1.3719195521844085e-05	[98.024, 86.52]	[0.0043078125, 0.0339453125]
R	25	1.3719195521844085e-05	[97.928, 86.41]	[0.0045884375, 0.0337375]
R	26	1.3719195521844085e-05	[97.974, 86.59]	[0.004496875, 0.033746875]
R	27	1.3719195521844085e-05	[97.99, 86.47]	[0.0047084375, 0.03408125]
R	28	1.3719195521844085e-05	[98.116, 86.54]	[0.004011875, 0.033971875]
R	29	1.3719195521844085e-05	[98.09, 86.57]	[0.004271875, 0.0338203125]
R	30	1.3719195521844085e-05	[98.048, 86.49]	[0.0044040625, 0.0344890625]
R	31	1.3719195521844085e-05	[97.914, 86.54]	[0.004554375, 0.0339046875]
R	32	1.3719195521844085e-05	[98.008, 86.52]	[0.00429625, 0.0340109375]
R	33	1.3719195521844085e-05	[98.028, 86.55]	[0.00447875, 0.033778125]
R	34	1.3719195521844085e-05	[98.086, 86.46]	[0.0045046875, 0.034146875]
R	35	1.3719195521844085e-05	[97.932, 86.56]	[0.004338125, 0.033559375]
R	36	1.3719195521844085e-05	[98.074, 86.47]	[0.003796875, 0.0336421875]
R	37	1.3719195521844085e-05	[98.056, 86.57]	[0.004370625, 0.033778125]
R	38	1.3719195521844085e-05	[97.992, 86.46]	[0.0045015625, 0.0341234375]
R	39	1.3719195521844085e-05	[98.072, 86.48]	[0.0040278125, 0.034121875]
R	40	1.3719195521844085e-05	[98.012, 86.55]	[0.004334375, 0.033971875]
R	41	1.3719195521844085e-05	[97.964, 86.51]	[0.00466875, 0.0342921875]
R	42	1.3719195521844085e-05	[98.156, 86.54]	[0.0038165625, 0.0341328125]
R	43	1.3719195521844085e-05	[97.978, 86.52]	[0.004255, 0.03445]
R	44	1.3719195521844085e-05	[98.178, 86.49]	[0.004098125, 0.033746875]
R	45	1.3719195521844085e-05	[98.026, 86.49]	[0.00434, 0.03414375]
R	46	1.3719195521844085e-05	[98.074, 86.49]	[0.0045846875, 0.0343703125]
R	47	1.3719195521844085e-05	[98.11, 86.58]	[0.0044034375, 0.03380625]
R	48	1.3719195521844085e-05	[98.084, 86.48]	[0.0042746875, 0.0344171875]
R	49	1.3719195521844085e-05	[98.114, 86.44]	[0.0044284375, 0.033896875]
R	50	1.3719195521844085e-05	[98.038, 86.37]	[0.0043240625, 0.03385]
R	51	1.3719195521844085e-05	[98.094, 86.58]	[0.004494375, 0.033490625]
R	52	1.3719195521844085e-05	[98.084, 86.47]	[0.004499375, 0.0340171875]
R	53	1.3719195521844085e-05	[97.994, 86.47]	[0.0042790625, 0.0343671875]
R	54	1.3719195521844085e-05	[98.01, 86.52]	[0.0045328125, 0.0344046875]
R	55	1.3719195521844085e-05	[97.988, 86.47]	[0.004579375, 0.0344390625]
R	56	1.3719195521844085e-05	[98.056, 86.46]	[0.004461875, 0.0338390625]
R	57	1.3719195521844085e-05	[98.03, 86.52]	[0.0043490625, 0.034334375]
R	58	1.3719195521844085e-05	[97.966, 86.45]	[0.004380625, 0.0338421875]
R	59	1.3719195521844085e-05	[98.174, 86.54]	[0.004364375, 0.0343015625]
R	60	1.3719195521844085e-05	[98.074, 86.51]	[0.0039484375, 0.0339734375]
R	61	1.3719195521844085e-05	[98.146, 86.55]	[0.0039921875, 0.0337890625]
R	62	1.3719195521844085e-05	[97.998, 86.49]	[0.0043815625, 0.0343859375]
R	63	1.3719195521844085e-05	[97.954, 86.5]	[0.004693125, 0.0339859375]
R	64	1.3719195521844085e-05	[98.112, 86.51]	[0.00418, 0.0343375]
R	65	1.3719195521844085e-05	[97.966, 86.45]	[0.004328125, 0.03415]
R	66	1.3719195521844085e-05	[98.122, 86.49]	[0.00425375, 0.034109375]
R	67	1.3719195521844085e-05	[98.14, 86.44]	[0.0040478125, 0.0343953125]
R	68	1.3719195521844085e-05	[98.034, 86.48]	[0.0043075, 0.034109375]
R	69	1.3719195521844085e-05	[98.102, 86.52]	[0.0044125, 0.0339828125]
R	70	1.3719195521844085e-05	[98.052, 86.52]	[0.004668125, 0.0337484375]
R	71	1.3719195521844085e-05	[98.084, 86.46]	[0.004324375, 0.033825]
R	72	1.3719195521844085e-05	[98.122, 86.45]	[0.00398625, 0.0340359375]
R	73	1.3719195521844085e-05	[98.05, 86.56]	[0.0042765625, 0.034215625]
R	74	1.3719195521844085e-05	[98.15, 86.48]	[0.0039234375, 0.033909375]
R	75	1.3719195521844085e-05	[98.014, 86.43]	[0.0045028125, 0.033815625]
R	76	1.3719195521844085e-05	[97.938, 86.51]	[0.0045778125, 0.0338703125]
R	77	1.3719195521844085e-05	[98.128, 86.43]	[0.0042540625, 0.034225]
R	78	1.3719195521844085e-05	[98.072, 86.45]	[0.004130625, 0.0339015625]
R	79	1.3719195521844085e-05	[97.98, 86.4]	[0.0043159375, 0.03465625]
R	80	1.3719195521844085e-05	[97.89, 86.43]	[0.00481875, 0.03390625]
R	81	1.3719195521844085e-05	[98.036, 86.54]	[0.0042434375, 0.0337953125]
R	82	1.3719195521844085e-05	[97.988, 86.48]	[0.0045853125, 0.0340703125]
R	83	1.3719195521844085e-05	[98.018, 86.54]	[0.0042315625, 0.0340296875]
R	84	1.3719195521844085e-05	[98.136, 86.54]	[0.0041365625, 0.034034375]
R	85	1.3719195521844085e-05	[98.062, 86.5]	[0.0045596875, 0.0344171875]
R	86	1.3719195521844085e-05	[98.042, 86.42]	[0.0045128125, 0.0336453125]
R	87	1.3719195521844085e-05	[98.078, 86.47]	[0.0041709375, 0.03409375]
R	88	1.3719195521844085e-05	[98.108, 86.47]	[0.0044409375, 0.034190625]
R	89	1.3719195521844085e-05	[98.066, 86.54]	[0.0044934375, 0.03440625]
R	90	1.3719195521844085e-05	[98.03, 86.45]	[0.004585, 0.03378125]
R	91	1.3719195521844085e-05	[97.944, 86.52]	[0.0044803125, 0.0335015625]
R	92	1.3719195521844085e-05	[98.08, 86.4]	[0.0043046875, 0.0340140625]
R	93	1.3719195521844085e-05	[98.106, 86.51]	[0.0040959375, 0.0337265625]
R	94	1.3719195521844085e-05	[97.994, 86.47]	[0.004603125, 0.0341046875]
R	95	1.3719195521844085e-05	[98.05, 86.44]	[0.004313125, 0.0339671875]
R	96	1.3719195521844085e-05	[98.138, 86.5]	[0.00421375, 0.0339875]
R	97	1.3719195521844085e-05	[98.028, 86.5]	[0.004496875, 0.0344953125]
R	98	1.3719195521844085e-05	[98.102, 86.47]	[0.0042828125, 0.034278125]
R	99	1.3719195521844085e-05	[97.936, 86.54]	[0.0045403125, 0.0337640625]
R	100	1.3719195521844085e-05	[98.048, 86.46]	[0.0043321875, 0.0340109375]
R	101	1.3719195521844085e-05	[98.096, 86.49]	[0.0041809375, 0.0337859375]
R	102	1.3719195521844085e-05	[97.924, 86.52]	[0.0047834375, 0.03366875]
R	103	1.3719195521844085e-05	[98.022, 86.53]	[0.0046015625, 0.033540625]
R	104	1.3719195521844085e-05	[98.02, 86.48]	[0.004494375, 0.0336734375]
R	105	1.3719195521844085e-05	[97.96, 86.46]	[0.00451375, 0.0342109375]
R	106	1.3719195521844085e-05	[98.032, 86.44]	[0.003966875, 0.0338546875]
R	107	1.3719195521844085e-05	[97.956, 86.47]	[0.0046190625, 0.0339390625]
R	108	1.3719195521844085e-05	[98.076, 86.42]	[0.004178125, 0.0342078125]
R	109	1.3719195521844085e-05	[98.05, 86.39]	[0.0046334375, 0.0342203125]
R	110	1.3719195521844085e-05	[98.108, 86.5]	[0.004423125, 0.033725]
R	111	1.3719195521844085e-05	[98.092, 86.5]	[0.00428875, 0.0340609375]
R	112	1.3719195521844085e-05	[98.142, 86.48]	[0.0043946875, 0.0346640625]
R	113	1.3719195521844085e-05	[97.974, 86.47]	[0.004329375, 0.034178125]
R	114	1.3719195521844085e-05	[98.034, 86.42]	[0.0044821875, 0.034175]
R	115	1.3719195521844085e-05	[98.06, 86.51]	[0.004365, 0.033940625]
R	116	1.3719195521844085e-05	[98.148, 86.51]	[0.0040153125, 0.0340796875]
R	117	1.3719195521844085e-05	[98.088, 86.47]	[0.00427375, 0.033996875]
R	118	1.3719195521844085e-05	[98.146, 86.48]	[0.0039953125, 0.033553125]
R	119	1.3719195521844085e-05	[98.008, 86.44]	[0.004375625, 0.033940625]
R	120	1.3719195521844085e-05	[98.142, 86.44]	[0.0044871875, 0.034421875]
R	121	1.3719195521844085e-05	[98.152, 86.52]	[0.003849375, 0.0336296875]
R	122	1.3719195521844085e-05	[98.114, 86.49]	[0.00412125, 0.0338734375]
R	123	1.3719195521844085e-05	[98.052, 86.49]	[0.004264375, 0.034065625]
R	124	1.3719195521844085e-05	[98.096, 86.55]	[0.0041621875, 0.03395]
R	125	1.3719195521844085e-05	[98.024, 86.46]	[0.0048434375, 0.0341265625]
R	126	1.3719195521844085e-05	[98.162, 86.6]	[0.0041628125, 0.0338109375]
R	127	1.3719195521844085e-05	[97.98, 86.47]	[0.0047996875, 0.0348078125]
R	128	1.3719195521844085e-05	[98.1, 86.5]	[0.004068125, 0.0345265625]
R	129	1.3719195521844085e-05	[98.016, 86.52]	[0.0047596875, 0.0340796875]
R	130	1.3719195521844085e-05	[98.118, 86.48]	[0.0041875, 0.0340203125]
R	131	1.3719195521844085e-05	[97.944, 86.47]	[0.0046309375, 0.034090625]
R	132	1.3719195521844085e-05	[98.006, 86.51]	[0.0046125, 0.034028125]
R	133	1.3719195521844085e-05	[98.1, 86.55]	[0.004381875, 0.0339734375]
R	134	1.3719195521844085e-05	[98.036, 86.48]	[0.004561875, 0.034090625]
R	135	1.3719195521844085e-05	[98.072, 86.47]	[0.004203125, 0.0341375]
R	136	1.3719195521844085e-05	[97.932, 86.59]	[0.0046078125, 0.0335390625]
R	137	1.3719195521844085e-05	[98.094, 86.44]	[0.004341875, 0.0338765625]
R	138	1.3719195521844085e-05	[97.936, 86.49]	[0.0046178125, 0.0342890625]
R	139	1.3719195521844085e-05	[98.036, 86.5]	[0.0046384375, 0.0343390625]
R	140	1.3719195521844085e-05	[97.962, 86.47]	[0.00456375, 0.033971875]
R	141	1.3719195521844085e-05	[98.08, 86.52]	[0.00419625, 0.034090625]
R	142	1.3719195521844085e-05	[98.056, 86.5]	[0.0045059375, 0.0341015625]
R	143	1.3719195521844085e-05	[98.014, 86.54]	[0.004269375, 0.0341109375]
R	144	1.3719195521844085e-05	[98.06, 86.42]	[0.004106875, 0.0342921875]
R	145	1.3719195521844085e-05	[98.046, 86.44]	[0.0042796875, 0.0343578125]
R	146	1.3719195521844085e-05	[98.064, 86.51]	[0.0041875, 0.0339640625]
R	147	1.3719195521844085e-05	[98.03, 86.53]	[0.0044109375, 0.0340671875]
R	148	1.3719195521844085e-05	[98.118, 86.5]	[0.0040753125, 0.0338234375]
R	149	1.3719195521844085e-05	[98.154, 86.56]	[0.003616875, 0.03403125]
R	150	1.3719195521844085e-05	[97.994, 86.51]	[0.004476875, 0.0341171875]
R	151	1.3719195521844085e-05	[98.092, 86.49]	[0.004276875, 0.0339296875]
R	152	1.3719195521844085e-05	[98.17, 86.5]	[0.0037321875, 0.03403125]
R	153	1.3719195521844085e-05	[98.102, 86.45]	[0.0044315625, 0.0339421875]
R	154	1.3719195521844085e-05	[98.036, 86.54]	[0.004290625, 0.0337828125]
R	155	1.3719195521844085e-05	[97.924, 86.52]	[0.0043825, 0.0339359375]
R	156	1.3719195521844085e-05	[98.084, 86.44]	[0.0042265625, 0.0341921875]
R	157	1.3719195521844085e-05	[98.038, 86.5]	[0.0040984375, 0.034003125]
R	158	1.3719195521844085e-05	[98.038, 86.47]	[0.0045540625, 0.0340515625]
R	159	1.3719195521844085e-05	[98.004, 86.5]	[0.004365625, 0.033884375]
R	160	1.3719195521844085e-05	[98.052, 86.45]	[0.004535625, 0.0340578125]
R	161	1.3719195521844085e-05	[98.026, 86.47]	[0.0045225, 0.03405625]
R	162	1.3719195521844085e-05	[98.01, 86.53]	[0.004575625, 0.0343515625]
R	163	1.3719195521844085e-05	[98.08, 86.44]	[0.004231875, 0.0341421875]
R	164	1.3719195521844085e-05	[98.122, 86.48]	[0.004409375, 0.0339671875]
R	165	1.3719195521844085e-05	[98.028, 86.46]	[0.0042353125, 0.0339046875]
R	166	1.3719195521844085e-05	[98.016, 86.52]	[0.0044103125, 0.0334140625]
R	167	1.3719195521844085e-05	[98.086, 86.54]	[0.004476875, 0.034025]
R	168	1.3719195521844085e-05	[97.988, 86.47]	[0.004475, 0.0341703125]
R	169	1.3719195521844085e-05	[98.076, 86.47]	[0.004170625, 0.0338765625]
R	170	1.3719195521844085e-05	[98.144, 86.53]	[0.0038634375, 0.034109375]
R	171	1.3719195521844085e-05	[98.014, 86.5]	[0.0044621875, 0.033675]
R	172	1.3719195521844085e-05	[98.056, 86.49]	[0.004345, 0.0336828125]
R	173	1.3719195521844085e-05	[98.08, 86.4]	[0.004146875, 0.034246875]
R	174	1.3719195521844085e-05	[98.06, 86.5]	[0.0041378125, 0.034525]
R	175	1.3719195521844085e-05	[98.02, 86.5]	[0.0040815625, 0.0339421875]
R	176	1.3719195521844085e-05	[98.012, 86.45]	[0.0047334375, 0.0341078125]
R	177	1.3719195521844085e-05	[98.01, 86.44]	[0.00476, 0.0341921875]
R	178	1.3719195521844085e-05	[97.984, 86.51]	[0.0044421875, 0.0341625]
R	179	1.3719195521844085e-05	[97.944, 86.48]	[0.0044834375, 0.03368125]
R	180	1.3719195521844085e-05	[98.084, 86.47]	[0.0041628125, 0.0343359375]
R	181	1.3719195521844085e-05	[97.974, 86.49]	[0.0044671875, 0.0344140625]
R	182	1.3719195521844085e-05	[98.038, 86.51]	[0.00404625, 0.0343609375]
R	183	1.3719195521844085e-05	[97.996, 86.44]	[0.0047178125, 0.0340953125]
R	184	1.3719195521844085e-05	[98.01, 86.49]	[0.0046140625, 0.0341015625]
R	185	1.3719195521844085e-05	[98.072, 86.47]	[0.0041090625, 0.0338046875]
R	186	1.3719195521844085e-05	[97.992, 86.47]	[0.0045446875, 0.034059375]
R	187	1.3719195521844085e-05	[98.1, 86.48]	[0.0042228125, 0.0342484375]
R	188	1.3719195521844085e-05	[98.114, 86.52]	[0.0044525, 0.033821875]
R	189	1.3719195521844085e-05	[98.128, 86.43]	[0.0041746875, 0.0343734375]
R	190	1.3719195521844085e-05	[98.03, 86.48]	[0.004498125, 0.0344515625]
R	191	1.3719195521844085e-05	[98.058, 86.52]	[0.0042734375, 0.033509375]
R	192	1.3719195521844085e-05	[98.202, 86.49]	[0.00423625, 0.0340796875]
R	193	1.3719195521844085e-05	[97.956, 86.45]	[0.0045703125, 0.034071875]
R	194	1.3719195521844085e-05	[98.156, 86.52]	[0.0041378125, 0.0342671875]
R	195	1.3719195521844085e-05	[98.11, 86.45]	[0.0042571875, 0.033971875]
R	196	1.3719195521844085e-05	[97.992, 86.43]	[0.004205625, 0.0341]
R	197	1.3719195521844085e-05	[98.072, 86.57]	[0.0042240625, 0.0334078125]
R	198	1.3719195521844085e-05	[98.09, 86.51]	[0.0043865625, 0.034175]
R	199	1.3719195521844085e-05	[98.094, 86.44]	[0.0044171875, 0.0343140625]
