L	0	0.36636966466903687	[98.012, 86.56]	[0.004721875, 0.0340046875]
L	1	0.10475821793079376	[98.06, 86.63]	[0.0044134375, 0.0338796875]
R	0	0.0003855431859847158	[97.816, 86.46]	[0.0045796875, 0.0340796875]
R	1	0.0002176290436182171	[97.978, 86.25]	[0.00441, 0.0346515625]
R	2	0.0002176290436182171	[97.964, 86.18]	[0.0044546875, 0.0344796875]
R	3	0.0005131580401211977	[97.898, 86.36]	[0.005103125, 0.0350890625]
R	4	0.00010152552567888051	[97.984, 86.52]	[0.0046565625, 0.03420625]
R	5	0.000263331166934222	[97.956, 86.45]	[0.00479375, 0.0338859375]
R	6	0.0003855431859847158	[97.854, 86.35]	[0.0053284375, 0.0345328125]
R	7	0.0001351304817944765	[98.108, 86.53]	[0.003935625, 0.0342375]
R	8	0.00031863071490079165	[98.022, 86.43]	[0.004394375, 0.034275]
R	9	0.0003504937922116369	[97.934, 86.35]	[0.00480125, 0.0341921875]
R	10	0.0007513148011639714	[97.984, 86.39]	[0.0047690625, 0.0355484375]
R	11	0.0002176290436182171	[97.984, 86.22]	[0.004481875, 0.03423125]
R	12	0.0003504937922116369	[97.988, 86.57]	[0.0047346875, 0.033678125]
R	13	0.00016350789519492537	[97.8, 86.26]	[0.004674375, 0.0347875]
R	14	0.0005644739139825106	[98.066, 86.23]	[0.0039271875, 0.034675]
R	15	0.000263331166934222	[97.952, 86.57]	[0.0048103125, 0.0330453125]
R	16	0.0002176290436182171	[97.736, 86.28]	[0.0051871875, 0.036028125]
R	17	0.0001351304817944765	[97.868, 86.54]	[0.0047265625, 0.0342484375]
R	18	0.0004240975249558687	[97.98, 86.46]	[0.00431625, 0.0342484375]
R	19	0.0002896642836276442	[97.732, 86.27]	[0.0051996875, 0.035734375]
R	20	0.0004240975249558687	[98.02, 86.35]	[0.004330625, 0.035084375]
R	21	0.00031863071490079165	[97.848, 86.14]	[0.004960625, 0.0359578125]
R	22	0.000263331166934222	[97.54, 86.1]	[0.004801875, 0.0350296875]
R	23	0.0005131580401211977	[97.93, 86.52]	[0.0047603125, 0.0339921875]
R	24	0.00046650730655528605	[97.892, 86.45]	[0.0049546875, 0.035621875]
R	25	0.000263331166934222	[97.938, 86.36]	[0.0045978125, 0.03395]
R	26	0.0002896642836276442	[98.07, 86.55]	[0.004638125, 0.03410625]
R	27	0.00046650730655528605	[97.996, 86.51]	[0.00490875, 0.0345359375]
R	28	0.0005644739139825106	[97.926, 86.43]	[0.0048259375, 0.034334375]
R	29	0.0009090909152291715	[98.026, 86.49]	[0.0048628125, 0.0347984375]
R	30	0.0006830134079791605	[97.926, 86.46]	[0.004698125, 0.0342546875]
R	31	0.00023939194215927273	[97.986, 86.47]	[0.0047621875, 0.034159375]
R	32	0.0005131580401211977	[97.798, 86.35]	[0.0048471875, 0.0339484375]
R	33	0.00046650730655528605	[98.014, 86.39]	[0.004960625, 0.0348859375]
R	34	0.0005131580401211977	[97.916, 86.59]	[0.0045396875, 0.0343265625]
R	35	0.0006830134079791605	[98.052, 86.42]	[0.004121875, 0.034671875]
R	36	0.0003855431859847158	[97.996, 86.37]	[0.0051040625, 0.0347390625]
R	37	0.00019784457981586456	[98.08, 86.49]	[0.0040234375, 0.0339421875]
R	38	0.0003504937922116369	[98.052, 86.57]	[0.004026875, 0.033503125]
R	39	0.00046650730655528605	[97.932, 86.39]	[0.00452, 0.0340046875]
R	40	0.0002896642836276442	[97.992, 86.4]	[0.0048721875, 0.03576875]
R	41	0.00046650730655528605	[98.02, 86.4]	[0.0046078125, 0.034296875]
R	42	0.000263331166934222	[97.896, 86.37]	[0.004799375, 0.03465625]
R	43	0.0005644739139825106	[97.822, 86.32]	[0.00454, 0.0346921875]
R	44	0.0004240975249558687	[98.08, 86.52]	[0.0043834375, 0.0339515625]
R	45	0.0003504937922116369	[97.938, 86.45]	[0.004395, 0.0339875]
R	46	0.0006830134079791605	[97.896, 86.51]	[0.0048184375, 0.0342578125]
R	47	0.0005644739139825106	[98.104, 86.61]	[0.0040034375, 0.0338546875]
R	48	0.0005644739139825106	[98.048, 86.55]	[0.0049625, 0.0341984375]
R	49	0.0005131580401211977	[97.98, 86.39]	[0.004665625, 0.03375]
R	50	0.0001927715929923579	[98.05, 86.55]	[0.0039784375, 0.034084375]
R	51	0.00045454545761458576	[98.11, 86.45]	[0.0043571875, 0.034146875]
R	52	0.00045454545761458576	[98.102, 86.44]	[0.00429375, 0.0343328125]
R	53	0.00023325365327764302	[97.984, 86.37]	[0.0042909375, 0.0343921875]
R	54	0.00021204876247793436	[98.064, 86.52]	[0.0042525, 0.0340671875]
R	55	0.00025657902006059885	[98.082, 86.45]	[0.0043975, 0.034971875]
R	56	0.0004132231406401843	[97.98, 86.51]	[0.00476, 0.03414375]
R	57	0.00023325365327764302	[97.972, 86.47]	[0.004601875, 0.034690625]
R	58	0.00025657902006059885	[97.968, 86.56]	[0.00444, 0.0342046875]
R	59	0.0002822369569912553	[97.934, 86.49]	[0.004980625, 0.034465625]
R	60	0.0002822369569912553	[97.928, 86.56]	[0.0044159375, 0.0341203125]
R	61	0.00031046062940731645	[98.004, 86.55]	[0.0043153125, 0.0341296875]
R	62	0.00025657902006059885	[98.016, 86.44]	[0.0046646875, 0.034584375]
R	63	9.892228990793228e-05	[98.024, 86.45]	[0.00469125, 0.03468125]
R	64	0.0003415067039895803	[97.972, 86.45]	[0.00470625, 0.0347875]
R	65	0.00015931535745039582	[98.062, 86.4]	[0.0040296875, 0.0344890625]
R	66	0.00025657902006059885	[98.038, 86.48]	[0.004488125, 0.0342359375]
R	67	0.00023325365327764302	[98.018, 86.38]	[0.0045846875, 0.034509375]
R	68	0.0001927715929923579	[98.01, 86.51]	[0.00476375, 0.0340421875]
R	69	0.00031046062940731645	[97.98, 86.44]	[0.0045003125, 0.0342625]
R	70	0.00021204876247793436	[98.04, 86.53]	[0.0042028125, 0.033428125]
R	71	0.00011969597107963637	[98.09, 86.4]	[0.0042215625, 0.034528125]
R	72	0.00015931535745039582	[98.104, 86.39]	[0.004496875, 0.03536875]
R	73	6.756524089723825e-05	[98.024, 86.46]	[0.0045784375, 0.03418125]
R	74	0.00023325365327764302	[98.062, 86.52]	[0.004155625, 0.0350359375]
R	75	8.762344805290923e-05	[98.07, 86.49]	[0.004413125, 0.0339953125]
R	76	0.00012828951003029943	[98.012, 86.49]	[0.0041975, 0.034290625]
R	77	9.638579649617895e-05	[98.076, 86.45]	[0.0042565625, 0.0343125]
R	78	7.965767872519791e-05	[98.116, 86.43]	[0.0040946875, 0.03409375]
R	79	0.0002500000118743628	[98.056, 86.44]	[0.004164375, 0.0340765625]
R	80	0.00012828951003029943	[97.946, 86.5]	[0.004568125, 0.0343171875]
R	81	0.00014111847849562764	[98.024, 86.36]	[0.0047171875, 0.034525]
R	82	0.00010602438123896718	[97.994, 86.63]	[0.0046190625, 0.0337015625]
R	83	7.965767872519791e-05	[97.99, 86.52]	[0.00397625, 0.0339578125]
R	84	0.00010602438123896718	[98.1, 86.44]	[0.0044640625, 0.034034375]
R	85	4.946114495396614e-05	[98.05, 86.47]	[0.00438625, 0.034184375]
R	86	5.984798553981818e-05	[97.974, 86.47]	[0.0045996875, 0.0342640625]
R	87	0.00015523031470365822	[98.042, 86.52]	[0.0045040625, 0.0342203125]
R	88	0.00017075335199479014	[98.146, 86.5]	[0.0040546875, 0.033946875]
R	89	8.762344805290923e-05	[98.052, 86.52]	[0.0043828125, 0.03391875]
R	90	7.241607090691105e-05	[98.082, 86.56]	[0.0041853125, 0.0337921875]
R	91	6.58327917335555e-05	[97.972, 86.58]	[0.004481875, 0.0337265625]
R	92	0.00017075335199479014	[97.946, 86.44]	[0.004859375, 0.0349328125]
R	93	0.00015523031470365822	[98.05, 86.52]	[0.0042003125, 0.0339640625]
R	94	8.762344805290923e-05	[97.922, 86.49]	[0.0048846875, 0.0342546875]
R	95	0.00012828951003029943	[98.074, 86.57]	[0.0042540625, 0.0338453125]
R	96	0.00017075335199479014	[98.098, 86.64]	[0.004234375, 0.0338328125]
R	97	0.00014111847849562764	[98.09, 86.44]	[0.0042046875, 0.0345046875]
R	98	5.6447384849889204e-05	[98.062, 86.52]	[0.0042575, 0.034028125]
R	99	1.5026294931885786e-05	[98.034, 86.47]	[0.0042940625, 0.03420625]
