L	0	0.002710377098992467	[47.802, 53.62]	[0.1608515625, 0.1439375]
L	1	0.001208245288580656	[51.042, 55.58]	[0.1557221875, 0.1417328125]
R	0	0.0010000000474974513	[60.57, 64.93]	[0.109388125, 0.099515625]
R	1	0.0007513148011639714	[62.774, 66.4]	[0.10802125, 0.0989890625]
R	2	0.0005131580401211977	[64.744, 68.55]	[0.1008615625, 0.088871875]
R	3	0.0005644739139825106	[65.226, 68.81]	[0.101183125, 0.089853125]
R	4	0.0005131580401211977	[67.988, 70.67]	[0.0904728125, 0.084490625]
R	5	7.6277632615529e-05	[68.676, 71.48]	[0.087955625, 0.0815515625]
R	6	7.6277632615529e-05	[68.488, 71.46]	[0.0888621875, 0.081790625]
R	7	7.6277632615529e-05	[68.776, 71.49]	[0.0866803125, 0.080559375]
R	8	7.6277632615529e-05	[68.822, 71.87]	[0.08700375, 0.0787546875]
R	9	7.6277632615529e-05	[69.18, 72.03]	[0.0855675, 0.07966875]
R	10	7.6277632615529e-05	[69.408, 72.17]	[0.0841453125, 0.078559375]
R	11	7.6277632615529e-05	[69.604, 72.15]	[0.08354625, 0.077909375]
R	12	7.6277632615529e-05	[69.402, 71.97]	[0.0835371875, 0.0782265625]
R	13	7.6277632615529e-05	[69.698, 72.55]	[0.0837659375, 0.07765625]
R	14	7.6277632615529e-05	[69.73, 72.56]	[0.0840815625, 0.0778265625]
R	15	7.6277632615529e-05	[70.096, 72.76]	[0.082250625, 0.0769453125]
R	16	7.6277632615529e-05	[69.984, 72.6]	[0.0838959375, 0.0767203125]
R	17	7.6277632615529e-05	[70.016, 72.46]	[0.0833565625, 0.0766515625]
R	18	7.6277632615529e-05	[70.38, 72.78]	[0.082425625, 0.0755609375]
R	19	7.6277632615529e-05	[70.236, 72.56]	[0.0819528125, 0.07640625]
R	20	7.6277632615529e-05	[70.234, 72.89]	[0.0808759375, 0.0766]
R	21	7.6277632615529e-05	[70.498, 72.86]	[0.081628125, 0.075034375]
R	22	7.6277632615529e-05	[70.56, 72.97]	[0.079410625, 0.0746]
R	23	7.6277632615529e-05	[70.592, 72.92]	[0.0808728125, 0.0757859375]
R	24	7.6277632615529e-05	[70.654, 72.78]	[0.0818096875, 0.0767578125]
R	25	7.6277632615529e-05	[70.888, 73.28]	[0.07992375, 0.074821875]
R	26	7.6277632615529e-05	[70.816, 73.17]	[0.081026875, 0.0758625]
R	27	7.6277632615529e-05	[71.022, 73.11]	[0.079020625, 0.074409375]
R	28	7.6277632615529e-05	[71.026, 73.51]	[0.080059375, 0.073421875]
R	29	7.6277632615529e-05	[70.91, 73.27]	[0.080664375, 0.07456875]
R	30	7.6277632615529e-05	[70.99, 73.41]	[0.080240625, 0.0733734375]
R	31	7.6277632615529e-05	[71.222, 73.29]	[0.078755, 0.07376875]
R	32	7.6277632615529e-05	[71.584, 73.72]	[0.0776075, 0.0731203125]
R	33	7.6277632615529e-05	[71.308, 73.4]	[0.077503125, 0.0727234375]
R	34	7.6277632615529e-05	[71.64, 73.65]	[0.077676875, 0.073240625]
R	35	7.6277632615529e-05	[71.476, 73.53]	[0.0785321875, 0.073559375]
R	36	7.6277632615529e-05	[71.738, 73.72]	[0.0767765625, 0.0712328125]
R	37	7.6277632615529e-05	[71.776, 73.86]	[0.075335625, 0.0711984375]
R	38	7.6277632615529e-05	[71.944, 73.83]	[0.075706875, 0.0712375]
R	39	7.6277632615529e-05	[72.086, 73.76]	[0.0754840625, 0.072196875]
R	40	7.6277632615529e-05	[71.994, 74.08]	[0.0755734375, 0.071446875]
R	41	7.6277632615529e-05	[71.658, 73.91]	[0.076478125, 0.07045]
R	42	7.6277632615529e-05	[72.378, 74.18]	[0.0748853125, 0.0703765625]
R	43	7.6277632615529e-05	[72.174, 73.91]	[0.0746596875, 0.06928125]
R	44	7.6277632615529e-05	[71.836, 74.09]	[0.0783125, 0.0714296875]
R	45	7.6277632615529e-05	[72.498, 74.36]	[0.0740134375, 0.0706828125]
R	46	7.6277632615529e-05	[72.508, 74.46]	[0.0741534375, 0.069571875]
R	47	7.6277632615529e-05	[72.22, 74.28]	[0.075456875, 0.0695703125]
R	48	7.6277632615529e-05	[72.392, 74.56]	[0.0756609375, 0.07]
R	49	7.6277632615529e-05	[72.37, 74.36]	[0.074754375, 0.0691515625]
R	50	7.6277632615529e-05	[72.706, 74.27]	[0.07412375, 0.0687]
R	51	7.6277632615529e-05	[72.148, 74.28]	[0.0742075, 0.0687890625]
R	52	7.6277632615529e-05	[72.794, 74.71]	[0.0732646875, 0.0692984375]
R	53	7.6277632615529e-05	[72.696, 74.72]	[0.072951875, 0.0680171875]
R	54	7.6277632615529e-05	[72.864, 74.74]	[0.072949375, 0.067834375]
R	55	7.6277632615529e-05	[72.696, 74.64]	[0.0739965625, 0.0677078125]
R	56	7.6277632615529e-05	[72.838, 74.88]	[0.073033125, 0.067246875]
R	57	7.6277632615529e-05	[72.622, 74.46]	[0.0725959375, 0.06884375]
R	58	7.6277632615529e-05	[73.118, 75.16]	[0.071695, 0.0671671875]
R	59	7.6277632615529e-05	[72.622, 74.8]	[0.0739321875, 0.068553125]
R	60	7.6277632615529e-05	[73.044, 74.7]	[0.073304375, 0.07036875]
R	61	7.6277632615529e-05	[73.07, 75.09]	[0.070929375, 0.064734375]
R	62	7.6277632615529e-05	[73.152, 75.05]	[0.0716675, 0.0672453125]
R	63	7.6277632615529e-05	[73.544, 75.2]	[0.0700521875, 0.0655484375]
R	64	7.6277632615529e-05	[73.414, 75.0]	[0.0721275, 0.0678234375]
R	65	7.6277632615529e-05	[73.394, 74.85]	[0.0700596875, 0.0664921875]
R	66	7.6277632615529e-05	[73.512, 75.31]	[0.0714896875, 0.0669375]
R	67	7.6277632615529e-05	[73.314, 75.29]	[0.0724371875, 0.066453125]
R	68	7.6277632615529e-05	[73.282, 75.0]	[0.071704375, 0.0656875]
R	69	7.6277632615529e-05	[73.838, 75.25]	[0.0692421875, 0.06623125]
R	70	7.6277632615529e-05	[73.436, 75.09]	[0.07266375, 0.0664984375]
R	71	7.6277632615529e-05	[73.626, 75.24]	[0.070375625, 0.066334375]
R	72	7.6277632615529e-05	[73.452, 75.5]	[0.0696221875, 0.0651484375]
R	73	7.6277632615529e-05	[73.686, 75.65]	[0.0696728125, 0.064234375]
R	74	7.6277632615529e-05	[73.704, 75.54]	[0.0700753125, 0.06451875]
R	75	7.6277632615529e-05	[73.632, 75.3]	[0.0715940625, 0.06638125]
R	76	7.6277632615529e-05	[73.808, 75.25]	[0.069760625, 0.066175]
R	77	7.6277632615529e-05	[74.082, 75.62]	[0.06849, 0.064765625]
R	78	7.6277632615529e-05	[73.882, 75.35]	[0.07076875, 0.0660203125]
R	79	7.6277632615529e-05	[73.708, 75.42]	[0.0713565625, 0.065596875]
R	80	7.6277632615529e-05	[73.386, 75.16]	[0.0723815625, 0.0704265625]
R	81	7.6277632615529e-05	[74.122, 75.68]	[0.0684696875, 0.0643046875]
R	82	7.6277632615529e-05	[74.022, 75.64]	[0.069108125, 0.0646171875]
R	83	7.6277632615529e-05	[74.012, 75.93]	[0.0703496875, 0.0641921875]
R	84	7.6277632615529e-05	[74.08, 75.83]	[0.0703278125, 0.064178125]
R	85	7.6277632615529e-05	[73.882, 75.52]	[0.06900125, 0.0633140625]
R	86	7.6277632615529e-05	[74.34, 75.71]	[0.0683228125, 0.06298125]
R	87	7.6277632615529e-05	[74.158, 75.82]	[0.0705734375, 0.0653328125]
R	88	7.6277632615529e-05	[73.978, 75.74]	[0.069505, 0.0642609375]
R	89	7.6277632615529e-05	[73.98, 75.42]	[0.0705090625, 0.0635703125]
R	90	7.6277632615529e-05	[74.304, 75.77]	[0.0698334375, 0.0649671875]
R	91	7.6277632615529e-05	[74.3, 75.66]	[0.06727, 0.062803125]
R	92	7.6277632615529e-05	[74.454, 76.09]	[0.067235, 0.0632515625]
R	93	7.6277632615529e-05	[74.35, 75.92]	[0.069239375, 0.0641828125]
R	94	7.6277632615529e-05	[74.42, 76.21]	[0.0679403125, 0.0614671875]
R	95	7.6277632615529e-05	[74.642, 76.42]	[0.067158125, 0.0627796875]
R	96	7.6277632615529e-05	[74.614, 76.13]	[0.06743375, 0.06153125]
R	97	7.6277632615529e-05	[74.742, 76.14]	[0.0666228125, 0.0642578125]
R	98	7.6277632615529e-05	[74.762, 76.14]	[0.0675328125, 0.06295]
R	99	7.6277632615529e-05	[74.722, 76.02]	[0.067341875, 0.06311875]
R	100	7.6277632615529e-05	[74.57, 76.44]	[0.0672184375, 0.0623203125]
R	101	7.6277632615529e-05	[74.314, 75.95]	[0.0668028125, 0.0620578125]
R	102	7.6277632615529e-05	[74.738, 75.88]	[0.06755375, 0.0632015625]
R	103	7.6277632615529e-05	[74.838, 76.31]	[0.0661240625, 0.062653125]
R	104	7.6277632615529e-05	[74.722, 76.27]	[0.0660903125, 0.0615640625]
R	105	7.6277632615529e-05	[74.808, 76.32]	[0.066635625, 0.0610859375]
R	106	7.6277632615529e-05	[74.992, 76.37]	[0.0671309375, 0.0641328125]
R	107	7.6277632615529e-05	[74.872, 76.24]	[0.0668775, 0.0633765625]
R	108	7.6277632615529e-05	[74.896, 76.05]	[0.067085, 0.0640234375]
R	109	7.6277632615529e-05	[75.174, 76.45]	[0.0659528125, 0.0630046875]
R	110	7.6277632615529e-05	[74.908, 76.33]	[0.0662878125, 0.0617359375]
R	111	7.6277632615529e-05	[75.068, 76.43]	[0.066335625, 0.062909375]
R	112	7.6277632615529e-05	[74.916, 76.42]	[0.0666528125, 0.0624890625]
R	113	7.6277632615529e-05	[74.9, 76.18]	[0.0661715625, 0.0642078125]
R	114	7.6277632615529e-05	[75.09, 76.4]	[0.0651559375, 0.0643625]
R	115	7.6277632615529e-05	[74.866, 76.7]	[0.06512875, 0.0621859375]
R	116	7.6277632615529e-05	[75.322, 76.78]	[0.0649184375, 0.061840625]
R	117	7.6277632615529e-05	[75.282, 76.56]	[0.0646240625, 0.0636140625]
R	118	7.6277632615529e-05	[75.2, 76.59]	[0.06627375, 0.06341875]
R	119	7.6277632615529e-05	[75.24, 76.72]	[0.065473125, 0.0618234375]
R	120	7.6277632615529e-05	[75.216, 76.21]	[0.06561, 0.062484375]
R	121	7.6277632615529e-05	[75.378, 76.81]	[0.065594375, 0.061546875]
R	122	7.6277632615529e-05	[75.294, 76.77]	[0.0639875, 0.060903125]
R	123	7.6277632615529e-05	[75.12, 76.01]	[0.065785625, 0.063665625]
R	124	7.6277632615529e-05	[75.306, 76.65]	[0.0661728125, 0.06225625]
R	125	7.6277632615529e-05	[75.528, 76.76]	[0.0636834375, 0.0608953125]
R	126	7.6277632615529e-05	[75.584, 76.9]	[0.0651984375, 0.0615671875]
R	127	7.6277632615529e-05	[75.414, 76.71]	[0.06465875, 0.0604828125]
R	128	7.6277632615529e-05	[75.618, 76.8]	[0.06370375, 0.0622375]
R	129	7.6277632615529e-05	[75.55, 76.98]	[0.06355875, 0.058746875]
R	130	7.6277632615529e-05	[75.568, 77.04]	[0.0645278125, 0.05935]
R	131	7.6277632615529e-05	[75.766, 76.89]	[0.0633934375, 0.0602765625]
R	132	7.6277632615529e-05	[75.668, 76.94]	[0.0637615625, 0.0597609375]
R	133	7.6277632615529e-05	[75.808, 76.91]	[0.0619265625, 0.0596921875]
R	134	7.6277632615529e-05	[75.604, 76.74]	[0.0642071875, 0.060440625]
R	135	7.6277632615529e-05	[75.8, 76.89]	[0.06361375, 0.0622125]
R	136	7.6277632615529e-05	[75.766, 77.31]	[0.063215625, 0.0591421875]
R	137	7.6277632615529e-05	[75.83, 76.73]	[0.0637540625, 0.0612296875]
R	138	7.6277632615529e-05	[75.912, 77.24]	[0.0631353125, 0.0596046875]
R	139	7.6277632615529e-05	[75.986, 77.07]	[0.063735625, 0.061546875]
R	140	7.6277632615529e-05	[76.078, 77.18]	[0.062350625, 0.0595328125]
R	141	7.6277632615529e-05	[75.606, 76.79]	[0.06340625, 0.0618046875]
R	142	7.6277632615529e-05	[76.004, 77.29]	[0.0628521875, 0.0607609375]
R	143	7.6277632615529e-05	[76.004, 77.34]	[0.06180625, 0.0581265625]
R	144	7.6277632615529e-05	[75.878, 77.05]	[0.0636828125, 0.06135]
R	145	7.6277632615529e-05	[75.828, 76.83]	[0.063260625, 0.0619015625]
R	146	7.6277632615529e-05	[75.806, 77.2]	[0.064229375, 0.0595953125]
R	147	7.6277632615529e-05	[75.906, 77.18]	[0.0621921875, 0.0589625]
R	148	7.6277632615529e-05	[76.184, 77.26]	[0.0626021875, 0.0603578125]
R	149	7.6277632615529e-05	[76.216, 77.11]	[0.062498125, 0.0608140625]
R	150	7.6277632615529e-05	[76.132, 77.36]	[0.0621978125, 0.0582296875]
R	151	7.6277632615529e-05	[76.024, 77.25]	[0.0613234375, 0.058334375]
R	152	7.6277632615529e-05	[76.252, 77.41]	[0.0621903125, 0.05905625]
R	153	7.6277632615529e-05	[76.082, 77.29]	[0.06201, 0.0588546875]
R	154	7.6277632615529e-05	[76.076, 77.4]	[0.0609359375, 0.0588890625]
R	155	7.6277632615529e-05	[76.016, 77.01]	[0.063243125, 0.06310625]
R	156	7.6277632615529e-05	[76.35, 77.28]	[0.061381875, 0.0591625]
R	157	7.6277632615529e-05	[75.938, 76.8]	[0.062279375, 0.060665625]
R	158	7.6277632615529e-05	[76.302, 77.23]	[0.06320625, 0.061159375]
R	159	7.6277632615529e-05	[76.176, 77.51]	[0.0610396875, 0.0595015625]
R	160	7.6277632615529e-05	[76.272, 77.25]	[0.061675625, 0.0602109375]
R	161	7.6277632615529e-05	[76.176, 77.33]	[0.0628946875, 0.0610546875]
R	162	7.6277632615529e-05	[76.276, 77.56]	[0.0614771875, 0.0599140625]
R	163	7.6277632615529e-05	[76.098, 77.4]	[0.0618609375, 0.0594234375]
R	164	7.6277632615529e-05	[76.43, 77.44]	[0.060954375, 0.0607765625]
R	165	7.6277632615529e-05	[76.272, 76.99]	[0.0629396875, 0.061525]
R	166	7.6277632615529e-05	[76.456, 77.69]	[0.061065, 0.060290625]
R	167	7.6277632615529e-05	[76.2, 77.32]	[0.061875625, 0.060659375]
R	168	7.6277632615529e-05	[76.228, 77.63]	[0.0601178125, 0.058425]
R	169	7.6277632615529e-05	[76.554, 77.72]	[0.05988875, 0.0588609375]
R	170	7.6277632615529e-05	[77.058, 77.71]	[0.0599434375, 0.0597609375]
R	171	7.6277632615529e-05	[76.352, 77.46]	[0.062095625, 0.060121875]
R	172	7.6277632615529e-05	[76.48, 77.64]	[0.062805625, 0.0614578125]
R	173	7.6277632615529e-05	[76.692, 77.52]	[0.0602490625, 0.0594640625]
R	174	7.6277632615529e-05	[76.154, 77.37]	[0.0613184375, 0.0611171875]
R	175	7.6277632615529e-05	[76.33, 77.25]	[0.0619228125, 0.060140625]
R	176	7.6277632615529e-05	[76.608, 77.55]	[0.060503125, 0.0584421875]
R	177	7.6277632615529e-05	[76.716, 77.77]	[0.0610909375, 0.0592375]
R	178	7.6277632615529e-05	[76.602, 77.46]	[0.060714375, 0.0594875]
R	179	7.6277632615529e-05	[76.634, 77.57]	[0.061154375, 0.060421875]
R	180	7.6277632615529e-05	[76.252, 77.23]	[0.0610925, 0.059790625]
R	181	7.6277632615529e-05	[76.636, 77.94]	[0.0606228125, 0.057915625]
R	182	7.6277632615529e-05	[76.82, 77.76]	[0.0614459375, 0.0601078125]
R	183	7.6277632615529e-05	[76.542, 77.82]	[0.0610746875, 0.061321875]
R	184	7.6277632615529e-05	[76.676, 77.85]	[0.0609440625, 0.05963125]
R	185	7.6277632615529e-05	[77.028, 77.76]	[0.0607203125, 0.0598515625]
R	186	7.6277632615529e-05	[76.422, 77.29]	[0.061625, 0.0596109375]
R	187	7.6277632615529e-05	[76.684, 77.7]	[0.06060125, 0.060425]
R	188	7.6277632615529e-05	[76.99, 77.98]	[0.0590628125, 0.058715625]
R	189	7.6277632615529e-05	[77.034, 77.91]	[0.0591996875, 0.0588796875]
R	190	7.6277632615529e-05	[76.65, 77.96]	[0.0595234375, 0.058140625]
R	191	7.6277632615529e-05	[77.15, 77.54]	[0.058010625, 0.0600859375]
R	192	7.6277632615529e-05	[76.578, 77.52]	[0.0601378125, 0.0598171875]
R	193	7.6277632615529e-05	[76.912, 77.45]	[0.0606603125, 0.0611046875]
R	194	7.6277632615529e-05	[76.758, 77.58]	[0.061840625, 0.06078125]
R	195	7.6277632615529e-05	[76.99, 77.84]	[0.05970375, 0.0590203125]
R	196	7.6277632615529e-05	[77.17, 77.9]	[0.0588103125, 0.0589921875]
R	197	7.6277632615529e-05	[76.974, 78.17]	[0.0606234375, 0.058821875]
R	198	7.6277632615529e-05	[77.026, 77.7]	[0.0590365625, 0.0589703125]
R	199	1.9999999494757503e-05	[77.17, 78.07]	[0.0594740625, 0.0582296875]
