L	0	0.001621300121769309	[59.826, 64.47]	[0.1077615625, 0.0961953125]
L	1	0.000684158643707633	[63.628, 67.54]	[0.107911875, 0.0929171875]
R	0	0.0010000000474974513	[71.44, 74.68]	[0.07765375, 0.0685109375]
R	1	0.0009090909152291715	[74.026, 75.23]	[0.0626546875, 0.05923125]
R	2	0.0010000000474974513	[75.682, 77.28]	[0.0588940625, 0.0588078125]
R	3	0.0010000000474974513	[76.728, 78.19]	[0.06056125, 0.0584515625]
R	4	0.0009090909152291715	[76.96, 77.82]	[0.0593034375, 0.0597390625]
R	5	0.00031863071490079165	[79.216, 80.09]	[0.0537075, 0.0529390625]
R	6	0.00031863071490079165	[79.61, 79.96]	[0.050124375, 0.0517625]
R	7	0.00031863071490079165	[79.872, 80.48]	[0.0494378125, 0.050965625]
R	8	0.00031863071490079165	[79.992, 80.41]	[0.0505971875, 0.0523265625]
R	9	0.00031863071490079165	[80.364, 80.81]	[0.048845, 0.0509515625]
R	10	0.00031863071490079165	[80.41, 80.63]	[0.048704375, 0.0505140625]
R	11	0.00031863071490079165	[80.626, 80.76]	[0.0484178125, 0.0496765625]
R	12	0.00031863071490079165	[80.148, 80.24]	[0.049858125, 0.0514421875]
R	13	0.00031863071490079165	[80.654, 80.45]	[0.0489653125, 0.0529796875]
R	14	0.00031863071490079165	[81.438, 81.1]	[0.04544375, 0.0494828125]
R	15	0.00031863071490079165	[81.36, 81.06]	[0.0479509375, 0.0499125]
R	16	0.00031863071490079165	[81.228, 81.3]	[0.04555, 0.0475375]
R	17	0.00031863071490079165	[81.708, 81.31]	[0.04503625, 0.0483390625]
R	18	0.00031863071490079165	[81.784, 81.47]	[0.044805, 0.0489796875]
R	19	0.00031863071490079165	[81.744, 81.17]	[0.046250625, 0.0510609375]
R	20	0.00031863071490079165	[81.984, 81.88]	[0.0453628125, 0.0481578125]
R	21	0.00031863071490079165	[81.882, 81.6]	[0.044638125, 0.0473875]
R	22	0.00031863071490079165	[82.094, 81.94]	[0.0432790625, 0.046478125]
R	23	0.00031863071490079165	[82.578, 82.1]	[0.0429678125, 0.0464359375]
R	24	0.00031863071490079165	[82.42, 81.62]	[0.043410625, 0.04810625]
R	25	0.00031863071490079165	[82.53, 81.79]	[0.04235375, 0.0473546875]
R	26	0.00031863071490079165	[82.466, 81.83]	[0.04464625, 0.0485265625]
R	27	0.00031863071490079165	[82.614, 82.1]	[0.0453746875, 0.0488203125]
R	28	0.00031863071490079165	[82.906, 82.2]	[0.0423446875, 0.046365625]
R	29	0.00031863071490079165	[82.958, 82.05]	[0.0427734375, 0.0481359375]
R	30	0.00031863071490079165	[82.55, 81.67]	[0.043104375, 0.04756875]
R	31	0.00031863071490079165	[83.098, 81.75]	[0.043008125, 0.0494078125]
R	32	0.00031863071490079165	[83.5, 82.41]	[0.040659375, 0.046090625]
R	33	0.00031863071490079165	[83.166, 81.89]	[0.043008125, 0.0486421875]
R	34	0.00031863071490079165	[83.766, 82.82]	[0.041218125, 0.0455078125]
R	35	0.00031863071490079165	[83.062, 81.78]	[0.040194375, 0.0467984375]
R	36	0.00031863071490079165	[83.698, 82.74]	[0.0408084375, 0.04590625]
R	37	0.00031863071490079165	[83.622, 82.87]	[0.0417290625, 0.0454484375]
R	38	0.00031863071490079165	[83.686, 83.0]	[0.040136875, 0.0450390625]
R	39	0.00031863071490079165	[83.99, 82.6]	[0.0384040625, 0.0440375]
R	40	0.00031863071490079165	[84.172, 82.99]	[0.0383809375, 0.0440625]
R	41	0.00031863071490079165	[83.604, 82.61]	[0.040193125, 0.046634375]
R	42	0.00031863071490079165	[84.05, 82.87]	[0.03847125, 0.0439125]
R	43	0.00031863071490079165	[84.118, 82.92]	[0.03816375, 0.0436703125]
R	44	0.00031863071490079165	[84.574, 83.14]	[0.037536875, 0.0440296875]
R	45	0.00031863071490079165	[84.606, 83.14]	[0.0377709375, 0.043396875]
R	46	0.00031863071490079165	[84.322, 83.03]	[0.03733, 0.0438578125]
R	47	0.00031863071490079165	[84.04, 82.66]	[0.0388678125, 0.04421875]
R	48	0.00031863071490079165	[84.596, 82.92]	[0.0372575, 0.0433703125]
R	49	0.00031863071490079165	[83.914, 82.51]	[0.037918125, 0.0434328125]
R	50	0.00031863071490079165	[84.414, 83.03]	[0.038615, 0.044721875]
R	51	0.00031863071490079165	[84.926, 83.33]	[0.036538125, 0.0435171875]
R	52	0.00031863071490079165	[84.632, 82.99]	[0.0367775, 0.04328125]
R	53	0.00031863071490079165	[84.47, 82.92]	[0.0367703125, 0.0433]
R	54	0.00031863071490079165	[84.52, 82.89]	[0.037368125, 0.043946875]
R	55	0.00031863071490079165	[84.95, 83.33]	[0.0358128125, 0.043678125]
R	56	0.00031863071490079165	[84.926, 83.21]	[0.03696125, 0.0430078125]
R	57	0.00031863071490079165	[85.202, 83.47]	[0.0353740625, 0.0419]
R	58	0.00031863071490079165	[85.062, 83.31]	[0.0356453125, 0.041890625]
R	59	0.00031863071490079165	[85.21, 83.4]	[0.0368496875, 0.0438578125]
R	60	0.00031863071490079165	[85.074, 83.06]	[0.03703125, 0.04428125]
R	61	0.00031863071490079165	[85.002, 83.42]	[0.036385625, 0.0420046875]
R	62	0.00031863071490079165	[85.22, 83.77]	[0.0362146875, 0.0422140625]
R	63	0.00031863071490079165	[85.462, 83.38]	[0.0354796875, 0.0432921875]
R	64	0.00031863071490079165	[85.592, 83.38]	[0.03492875, 0.042128125]
R	65	0.00031863071490079165	[85.082, 83.5]	[0.03575625, 0.0429546875]
R	66	0.00031863071490079165	[85.668, 83.54]	[0.0340975, 0.0419828125]
R	67	0.00031863071490079165	[85.95, 83.57]	[0.0349196875, 0.0415046875]
R	68	0.00031863071490079165	[84.722, 82.6]	[0.0361659375, 0.0428796875]
R	69	0.00031863071490079165	[85.298, 83.06]	[0.03414125, 0.041896875]
R	70	0.00031863071490079165	[85.71, 83.63]	[0.0355990625, 0.0436578125]
R	71	0.00031863071490079165	[85.74, 83.45]	[0.0348859375, 0.042746875]
R	72	0.00031863071490079165	[85.652, 84.15]	[0.0342821875, 0.0415875]
R	73	0.00031863071490079165	[85.98, 83.78]	[0.0343528125, 0.04181875]
R	74	0.00031863071490079165	[85.558, 83.45]	[0.0347034375, 0.0424140625]
R	75	0.00031863071490079165	[85.782, 83.63]	[0.033835, 0.0421375]
R	76	0.00031863071490079165	[85.636, 83.64]	[0.0361575, 0.0442765625]
R	77	0.00031863071490079165	[86.184, 83.88]	[0.0340175, 0.0413765625]
R	78	0.00031863071490079165	[86.268, 84.06]	[0.033345, 0.0418171875]
R	79	0.00031863071490079165	[86.076, 83.7]	[0.03378125, 0.0406921875]
R	80	0.00031863071490079165	[86.214, 84.06]	[0.0333903125, 0.04173125]
R	81	0.00031863071490079165	[86.018, 83.89]	[0.0345453125, 0.042871875]
R	82	0.00031863071490079165	[86.022, 83.31]	[0.032806875, 0.0415765625]
R	83	0.00031863071490079165	[85.976, 83.73]	[0.0356728125, 0.04304375]
R	84	0.00031863071490079165	[86.24, 83.88]	[0.0334375, 0.04196875]
R	85	0.00031863071490079165	[86.398, 84.43]	[0.0331325, 0.041590625]
R	86	0.00031863071490079165	[86.458, 83.96]	[0.031614375, 0.0411140625]
R	87	0.00031863071490079165	[85.408, 83.25]	[0.03612375, 0.0427140625]
R	88	0.00031863071490079165	[86.332, 84.05]	[0.033080625, 0.0408046875]
R	89	0.00031863071490079165	[86.138, 83.74]	[0.0316490625, 0.0410984375]
R	90	0.00031863071490079165	[86.25, 83.65]	[0.0329584375, 0.0422046875]
R	91	0.00031863071490079165	[86.642, 84.13]	[0.032009375, 0.04109375]
R	92	0.00031863071490079165	[86.372, 83.92]	[0.0335184375, 0.043359375]
R	93	0.00031863071490079165	[86.54, 84.08]	[0.0332409375, 0.041190625]
R	94	0.00031863071490079165	[86.678, 84.09]	[0.0324921875, 0.0420328125]
R	95	0.00031863071490079165	[85.78, 83.16]	[0.0345184375, 0.044178125]
R	96	0.00031863071490079165	[86.332, 83.95]	[0.0335590625, 0.0412265625]
R	97	0.00031863071490079165	[86.27, 83.81]	[0.0333809375, 0.040921875]
R	98	0.00031863071490079165	[86.666, 83.77]	[0.0313865625, 0.0416625]
R	99	0.00031863071490079165	[86.988, 84.4]	[0.0313340625, 0.03968125]
R	100	0.00031863071490079165	[87.142, 84.0]	[0.03020125, 0.0404546875]
R	101	0.00031863071490079165	[86.752, 84.12]	[0.03166625, 0.0413625]
R	102	0.00031863071490079165	[86.954, 84.03]	[0.0309465625, 0.039878125]
R	103	0.00031863071490079165	[86.252, 83.56]	[0.032630625, 0.0423890625]
R	104	0.00031863071490079165	[86.856, 83.59]	[0.030964375, 0.0430078125]
R	105	0.00031863071490079165	[86.992, 84.28]	[0.0301896875, 0.04031875]
R	106	0.00031863071490079165	[86.806, 83.86]	[0.0322759375, 0.041684375]
R	107	0.00031863071490079165	[86.642, 84.28]	[0.0319259375, 0.0421]
R	108	0.00031863071490079165	[87.056, 84.16]	[0.0319459375, 0.041465625]
R	109	0.00031863071490079165	[87.218, 84.48]	[0.02963375, 0.039596875]
R	110	0.00031863071490079165	[87.264, 84.35]	[0.0299878125, 0.0395421875]
R	111	0.00031863071490079165	[86.66, 84.04]	[0.0315175, 0.041021875]
R	112	0.00031863071490079165	[86.618, 83.84]	[0.030881875, 0.03934375]
R	113	0.00031863071490079165	[87.054, 84.26]	[0.0307928125, 0.0406109375]
R	114	0.00031863071490079165	[87.394, 84.02]	[0.0301321875, 0.04091875]
R	115	0.00031863071490079165	[86.478, 83.71]	[0.0318778125, 0.0417078125]
R	116	0.00031863071490079165	[87.374, 83.94]	[0.0308790625, 0.042275]
R	117	0.00031863071490079165	[87.276, 84.35]	[0.0311446875, 0.0400078125]
R	118	0.00031863071490079165	[87.234, 84.52]	[0.0304996875, 0.0411421875]
R	119	0.00031863071490079165	[87.36, 84.63]	[0.030075, 0.040028125]
R	120	0.00031863071490079165	[87.172, 83.98]	[0.030343125, 0.040296875]
R	121	0.00031863071490079165	[87.28, 84.45]	[0.0305359375, 0.0410390625]
R	122	0.00031863071490079165	[86.976, 84.22]	[0.0322496875, 0.0413921875]
R	123	0.00031863071490079165	[87.284, 84.02]	[0.0308496875, 0.042034375]
R	124	0.00031863071490079165	[87.258, 84.06]	[0.030201875, 0.0392984375]
R	125	0.00031863071490079165	[87.344, 84.06]	[0.030725625, 0.0401796875]
R	126	0.00031863071490079165	[87.362, 84.47]	[0.03009, 0.038975]
R	127	0.00031863071490079165	[86.496, 83.78]	[0.0316703125, 0.0405640625]
R	128	0.00031863071490079165	[87.544, 84.7]	[0.029714375, 0.0399828125]
R	129	0.00031863071490079165	[87.458, 84.27]	[0.028981875, 0.0394078125]
R	130	0.00031863071490079165	[87.546, 84.2]	[0.029473125, 0.0394046875]
R	131	0.00031863071490079165	[87.766, 84.44]	[0.0296165625, 0.040325]
R	132	0.00031863071490079165	[87.488, 84.16]	[0.0297684375, 0.0410125]
R	133	0.00031863071490079165	[87.902, 84.75]	[0.02796625, 0.0388359375]
R	134	0.00031863071490079165	[87.454, 84.58]	[0.030079375, 0.0376390625]
R	135	0.00031863071490079165	[87.706, 84.32]	[0.0302834375, 0.0418953125]
R	136	0.00031863071490079165	[87.634, 84.56]	[0.0302953125, 0.0401515625]
R	137	0.00031863071490079165	[87.824, 84.68]	[0.028205625, 0.04020625]
R	138	0.00031863071490079165	[87.756, 84.08]	[0.029591875, 0.0410828125]
R	139	0.00031863071490079165	[87.7, 84.48]	[0.02940625, 0.0394875]
R	140	0.00031863071490079165	[88.072, 84.47]	[0.0279121875, 0.0388359375]
R	141	0.00031863071490079165	[88.046, 84.22]	[0.0284471875, 0.040596875]
R	142	0.00031863071490079165	[87.488, 84.42]	[0.02869875, 0.0394265625]
R	143	0.00031863071490079165	[87.968, 84.66]	[0.028753125, 0.039471875]
R	144	0.00031863071490079165	[87.78, 84.28]	[0.02796875, 0.0391171875]
R	145	0.00031863071490079165	[87.98, 84.61]	[0.0291221875, 0.0394234375]
R	146	0.00031863071490079165	[87.764, 84.28]	[0.0307275, 0.0428875]
R	147	0.00031863071490079165	[87.08, 83.68]	[0.0292359375, 0.04090625]
R	148	0.00031863071490079165	[87.622, 84.15]	[0.0280003125, 0.040840625]
R	149	0.00031863071490079165	[88.374, 84.46]	[0.0265821875, 0.039196875]
R	150	0.0002500000118743628	[88.23, 84.49]	[0.027305, 0.0391890625]
R	151	0.0002500000118743628	[88.46, 84.38]	[0.027538125, 0.04065625]
R	152	0.0002500000118743628	[88.168, 84.63]	[0.02809625, 0.0391625]
R	153	0.0002500000118743628	[87.648, 84.21]	[0.028430625, 0.0394625]
R	154	0.0002500000118743628	[88.506, 84.69]	[0.0270090625, 0.039384375]
R	155	0.0002500000118743628	[88.224, 84.67]	[0.027654375, 0.0384828125]
R	156	0.0002500000118743628	[88.114, 84.45]	[0.027011875, 0.0394734375]
R	157	0.0002500000118743628	[88.206, 84.52]	[0.028258125, 0.039534375]
R	158	0.0002500000118743628	[88.002, 84.25]	[0.0276753125, 0.039634375]
R	159	0.0002500000118743628	[88.142, 84.54]	[0.02752, 0.0400328125]
R	160	0.0002500000118743628	[88.622, 85.03]	[0.0277784375, 0.0383546875]
R	161	0.0002500000118743628	[88.19, 84.63]	[0.0288175, 0.0388234375]
R	162	0.0002500000118743628	[88.064, 84.68]	[0.027400625, 0.0392125]
R	163	0.0002500000118743628	[88.684, 84.98]	[0.0275184375, 0.03855]
R	164	0.0002500000118743628	[88.428, 84.53]	[0.0269528125, 0.038940625]
R	165	0.0002500000118743628	[88.268, 84.75]	[0.02678875, 0.0387375]
R	166	0.0002500000118743628	[88.434, 84.9]	[0.025975, 0.039365625]
R	167	0.0002500000118743628	[88.554, 84.65]	[0.0266471875, 0.0388828125]
R	168	0.0002500000118743628	[88.746, 84.81]	[0.0263171875, 0.039378125]
R	169	0.0002500000118743628	[88.186, 84.5]	[0.0289428125, 0.04183125]
R	170	0.0002500000118743628	[88.458, 84.5]	[0.0272078125, 0.0390703125]
R	171	0.0002500000118743628	[88.57, 84.39]	[0.0262584375, 0.0383109375]
R	172	0.0002500000118743628	[88.776, 84.76]	[0.02708125, 0.039215625]
R	173	0.0002500000118743628	[88.526, 84.27]	[0.026646875, 0.039546875]
R	174	0.0002500000118743628	[88.696, 84.98]	[0.02746375, 0.038059375]
R	175	0.0002500000118743628	[88.578, 84.55]	[0.027488125, 0.039490625]
R	176	0.0002500000118743628	[88.104, 84.62]	[0.027125625, 0.038940625]
R	177	0.0002500000118743628	[88.592, 84.5]	[0.0277321875, 0.0394984375]
R	178	0.0002500000118743628	[88.824, 84.59]	[0.0260909375, 0.0383421875]
R	179	0.0002500000118743628	[88.788, 84.41]	[0.0275509375, 0.041365625]
R	180	0.0002500000118743628	[88.79, 84.48]	[0.0270790625, 0.0404453125]
R	181	0.0002500000118743628	[88.472, 84.39]	[0.0272421875, 0.040628125]
R	182	0.0002500000118743628	[88.472, 84.59]	[0.0256503125, 0.03779375]
R	183	0.0002500000118743628	[88.298, 84.57]	[0.0284534375, 0.04103125]
R	184	0.0002500000118743628	[88.724, 84.83]	[0.02536375, 0.038715625]
R	185	0.0002500000118743628	[88.55, 84.64]	[0.0266321875, 0.0376515625]
R	186	0.0002500000118743628	[88.698, 84.75]	[0.027736875, 0.0400359375]
R	187	0.0002500000118743628	[88.994, 85.21]	[0.0253975, 0.036671875]
R	188	0.0002500000118743628	[88.512, 84.43]	[0.027779375, 0.039690625]
R	189	0.0002500000118743628	[88.93, 84.85]	[0.02669, 0.038909375]
R	190	0.0002500000118743628	[88.542, 84.67]	[0.02713625, 0.0376109375]
R	191	0.0002500000118743628	[89.186, 84.85]	[0.0245728125, 0.0378953125]
R	192	0.0002500000118743628	[88.848, 84.76]	[0.0259540625, 0.0382359375]
R	193	0.0002500000118743628	[88.848, 84.95]	[0.0253184375, 0.0379984375]
R	194	0.0002500000118743628	[89.018, 84.78]	[0.024868125, 0.0395234375]
R	195	0.0002500000118743628	[88.676, 84.46]	[0.025681875, 0.0391203125]
R	196	0.0002500000118743628	[89.03, 85.09]	[0.0249715625, 0.0383171875]
R	197	0.0002500000118743628	[88.924, 84.69]	[0.0254440625, 0.0386125]
R	198	9.999999747378752e-05	[89.182, 85.08]	[0.025840625, 0.037246875]
R	199	1.9999999494757503e-05	[89.446, 85.17]	[0.024739375, 0.037275]
