L	0	0.002052235184237361	[84.56, 81.86]	[0.0378871875, 0.04525625]
L	1	0.0011658010771498084	[86.082, 83.21]	[0.0335475, 0.042425]
R	0	0.0006209212588146329	[90.452, 84.57]	[0.0231765625, 0.040190625]
R	1	0.0006830134079791605	[92.318, 85.7]	[0.018364375, 0.0373328125]
R	2	0.0007513148011639714	[91.484, 84.87]	[0.02375875, 0.0394984375]
R	3	0.0006830134079791605	[92.826, 85.32]	[0.01835125, 0.0400421875]
R	4	0.0005644739139825106	[93.298, 85.91]	[0.017006875, 0.037325]
R	5	0.00016350789519492537	[94.056, 86.06]	[0.0138003125, 0.0353296875]
R	6	0.00016350789519492537	[94.202, 86.41]	[0.0137646875, 0.0348671875]
R	7	0.00016350789519492537	[94.236, 86.13]	[0.01394875, 0.035321875]
R	8	0.00016350789519492537	[94.338, 86.19]	[0.0130428125, 0.0359578125]
R	9	0.00016350789519492537	[94.22, 86.25]	[0.013461875, 0.0348796875]
R	10	0.00016350789519492537	[94.442, 86.31]	[0.0123440625, 0.03515]
R	11	0.00016350789519492537	[94.37, 86.35]	[0.0132903125, 0.0343140625]
R	12	0.00016350789519492537	[94.682, 86.42]	[0.012123125, 0.0350140625]
R	13	0.00016350789519492537	[94.534, 86.19]	[0.01253875, 0.03574375]
R	14	0.00016350789519492537	[94.462, 86.17]	[0.01259875, 0.0356234375]
R	15	0.00016350789519492537	[94.636, 86.08]	[0.0119115625, 0.0370328125]
R	16	0.00016350789519492537	[94.728, 86.32]	[0.012231875, 0.0358640625]
R	17	0.00016350789519492537	[94.606, 86.16]	[0.0118896875, 0.0353296875]
R	18	0.00016350789519492537	[94.742, 86.24]	[0.012075, 0.03563125]
R	19	0.00016350789519492537	[94.752, 86.0]	[0.0121596875, 0.0364796875]
R	20	0.00016350789519492537	[94.872, 86.59]	[0.0116859375, 0.033846875]
R	21	0.00016350789519492537	[94.612, 85.96]	[0.0125371875, 0.0364265625]
R	22	0.00016350789519492537	[94.758, 86.12]	[0.01179, 0.0360734375]
R	23	0.00016350789519492537	[94.834, 86.3]	[0.0116840625, 0.034615625]
R	24	0.00016350789519492537	[94.856, 86.16]	[0.0119209375, 0.0369953125]
R	25	0.00016350789519492537	[95.052, 86.37]	[0.0114840625, 0.0352734375]
R	26	0.00016350789519492537	[94.656, 86.09]	[0.01184375, 0.0354640625]
R	27	0.00016350789519492537	[94.834, 86.41]	[0.01195, 0.0351140625]
R	28	0.00016350789519492537	[94.896, 86.32]	[0.011799375, 0.0364953125]
R	29	0.00016350789519492537	[94.868, 86.23]	[0.012010625, 0.036259375]
R	30	0.00016350789519492537	[94.89, 86.19]	[0.011993125, 0.0357890625]
R	31	0.00016350789519492537	[94.974, 86.48]	[0.0124590625, 0.034271875]
R	32	0.00016350789519492537	[95.032, 86.39]	[0.011375, 0.035890625]
R	33	0.00016350789519492537	[95.218, 86.31]	[0.0111325, 0.035721875]
R	34	0.00016350789519492537	[95.216, 86.14]	[0.010961875, 0.03625625]
R	35	0.00016350789519492537	[95.022, 86.33]	[0.0109825, 0.035215625]
R	36	0.00016350789519492537	[95.148, 86.26]	[0.010628125, 0.035334375]
R	37	0.00016350789519492537	[95.144, 86.22]	[0.010560625, 0.0352359375]
R	38	0.00016350789519492537	[95.16, 86.34]	[0.010503125, 0.0342234375]
R	39	0.00016350789519492537	[94.982, 86.27]	[0.0113725, 0.034796875]
R	40	0.00016350789519492537	[95.166, 86.48]	[0.01122625, 0.0352234375]
R	41	0.00016350789519492537	[95.278, 86.41]	[0.011044375, 0.03495]
R	42	0.00016350789519492537	[95.02, 86.09]	[0.01108625, 0.036346875]
R	43	0.00016350789519492537	[95.372, 86.47]	[0.01046, 0.0349046875]
R	44	0.00016350789519492537	[95.192, 86.25]	[0.0109159375, 0.03581875]
R	45	0.00016350789519492537	[95.37, 86.19]	[0.0104203125, 0.0354828125]
R	46	0.00016350789519492537	[95.454, 86.47]	[0.0106065625, 0.034403125]
R	47	0.00016350789519492537	[95.49, 86.34]	[0.0101359375, 0.03525625]
R	48	0.00016350789519492537	[95.336, 85.93]	[0.0102690625, 0.0358078125]
R	49	0.00016350789519492537	[95.494, 86.41]	[0.0102696875, 0.03545]
R	50	0.00016350789519492537	[95.194, 86.17]	[0.011518125, 0.0364453125]
R	51	0.00016350789519492537	[95.244, 86.26]	[0.0109403125, 0.0348453125]
R	52	0.00016350789519492537	[95.284, 86.01]	[0.010173125, 0.035665625]
R	53	0.00016350789519492537	[95.374, 86.37]	[0.01029625, 0.034934375]
R	54	0.00016350789519492537	[95.576, 86.38]	[0.009975, 0.035028125]
R	55	0.00016350789519492537	[95.484, 86.3]	[0.009368125, 0.0354671875]
R	56	0.00016350789519492537	[95.502, 86.4]	[0.0098596875, 0.0350203125]
R	57	0.00016350789519492537	[95.592, 86.44]	[0.009571875, 0.034709375]
R	58	0.00016350789519492537	[95.418, 86.24]	[0.0101921875, 0.0352734375]
R	59	0.00016350789519492537	[95.64, 86.29]	[0.009490625, 0.034984375]
R	60	0.00016350789519492537	[95.566, 86.33]	[0.010189375, 0.0356828125]
R	61	0.00016350789519492537	[95.574, 86.45]	[0.0100678125, 0.0353984375]
R	62	0.00016350789519492537	[95.414, 86.54]	[0.0102221875, 0.0347953125]
R	63	0.00016350789519492537	[95.724, 86.1]	[0.0097909375, 0.0361015625]
R	64	0.00016350789519492537	[95.484, 86.45]	[0.0103075, 0.034284375]
R	65	0.00016350789519492537	[95.648, 86.31]	[0.009454375, 0.0356109375]
R	66	0.00016350789519492537	[95.602, 86.31]	[0.0095990625, 0.0355734375]
R	67	0.00016350789519492537	[95.726, 86.32]	[0.0092565625, 0.0361984375]
R	68	0.00016350789519492537	[95.69, 86.5]	[0.009485, 0.035934375]
R	69	0.00016350789519492537	[95.684, 86.26]	[0.0098940625, 0.0368609375]
R	70	0.00016350789519492537	[95.748, 86.33]	[0.0091775, 0.035409375]
R	71	0.00016350789519492537	[95.864, 86.64]	[0.0092375, 0.0347265625]
R	72	0.00016350789519492537	[95.93, 86.48]	[0.009211875, 0.0353703125]
R	73	0.00016350789519492537	[95.892, 86.47]	[0.0090459375, 0.03495]
R	74	0.00016350789519492537	[95.754, 86.33]	[0.0094021875, 0.0359171875]
R	75	0.00016350789519492537	[95.79, 86.33]	[0.009228125, 0.035478125]
R	76	0.00016350789519492537	[95.756, 86.42]	[0.0092803125, 0.0357171875]
R	77	0.00016350789519492537	[95.648, 86.29]	[0.009515, 0.034890625]
R	78	0.00016350789519492537	[95.8, 86.27]	[0.009160625, 0.036146875]
R	79	0.00016350789519492537	[95.708, 86.46]	[0.009766875, 0.0355203125]
R	80	0.00016350789519492537	[95.858, 86.37]	[0.0090678125, 0.034315625]
R	81	0.00016350789519492537	[96.026, 86.1]	[0.0083934375, 0.035965625]
R	82	0.00016350789519492537	[96.0, 86.26]	[0.0088446875, 0.03560625]
R	83	0.00016350789519492537	[95.962, 86.44]	[0.0091190625, 0.033984375]
R	84	0.00016350789519492537	[95.964, 86.22]	[0.00890625, 0.0356140625]
R	85	0.00016350789519492537	[95.802, 86.2]	[0.0089528125, 0.0363171875]
R	86	0.00016350789519492537	[95.854, 86.14]	[0.0092184375, 0.0363046875]
R	87	0.00016350789519492537	[96.086, 86.52]	[0.0085996875, 0.0351296875]
R	88	0.00016350789519492537	[95.922, 86.32]	[0.0096209375, 0.03546875]
R	89	0.00016350789519492537	[96.076, 86.3]	[0.0085915625, 0.0352328125]
R	90	0.00016350789519492537	[95.97, 86.37]	[0.008865625, 0.035334375]
R	91	0.00016350789519492537	[95.856, 86.12]	[0.009310625, 0.0363984375]
R	92	0.00016350789519492537	[96.018, 86.43]	[0.0087503125, 0.0355328125]
R	93	0.00016350789519492537	[96.032, 86.39]	[0.008665625, 0.03556875]
R	94	0.00016350789519492537	[95.998, 86.29]	[0.0095028125, 0.0344171875]
R	95	0.00016350789519492537	[96.048, 86.4]	[0.009169375, 0.035453125]
R	96	0.00016350789519492537	[96.064, 86.32]	[0.0088596875, 0.0353984375]
R	97	0.00016350789519492537	[96.168, 86.32]	[0.0085915625, 0.035334375]
R	98	0.00016350789519492537	[96.152, 86.42]	[0.0089025, 0.0348]
R	99	0.00016350789519492537	[96.076, 86.34]	[0.00859875, 0.035884375]
R	100	0.00016350789519492537	[96.158, 86.47]	[0.008631875, 0.034490625]
R	101	0.00016350789519492537	[96.15, 86.42]	[0.008695625, 0.03513125]
R	102	0.00016350789519492537	[96.142, 86.32]	[0.0087109375, 0.0355578125]
R	103	0.00016350789519492537	[96.186, 86.54]	[0.008258125, 0.0349328125]
R	104	0.00016350789519492537	[96.09, 86.32]	[0.0084025, 0.034859375]
R	105	0.00016350789519492537	[96.128, 86.73]	[0.0085965625, 0.033265625]
R	106	0.00016350789519492537	[96.316, 86.5]	[0.0082990625, 0.03551875]
R	107	0.00016350789519492537	[96.204, 86.35]	[0.0084340625, 0.0359765625]
R	108	0.00016350789519492537	[96.13, 86.39]	[0.0081559375, 0.0354515625]
R	109	0.00016350789519492537	[96.234, 86.28]	[0.0084228125, 0.03535]
R	110	0.00016350789519492537	[96.186, 86.53]	[0.007800625, 0.035240625]
R	111	0.00016350789519492537	[96.104, 86.34]	[0.0087321875, 0.0364046875]
R	112	0.00016350789519492537	[95.898, 86.04]	[0.008648125, 0.0357296875]
R	113	0.00016350789519492537	[96.148, 86.42]	[0.0082546875, 0.03555625]
R	114	0.00016350789519492537	[96.298, 86.44]	[0.00763625, 0.03496875]
R	115	0.00016350789519492537	[96.334, 86.4]	[0.007993125, 0.0353671875]
R	116	0.00016350789519492537	[96.322, 86.56]	[0.008320625, 0.0345796875]
R	117	0.00016350789519492537	[96.396, 86.43]	[0.0078771875, 0.035053125]
R	118	0.00016350789519492537	[96.392, 86.47]	[0.0080096875, 0.035315625]
R	119	0.00016350789519492537	[96.344, 86.63]	[0.0079053125, 0.0349734375]
R	120	0.00016350789519492537	[96.402, 86.69]	[0.008079375, 0.034334375]
R	121	0.00016350789519492537	[96.374, 86.52]	[0.007763125, 0.0351171875]
R	122	0.00016350789519492537	[96.322, 86.37]	[0.0082328125, 0.0354546875]
R	123	0.00016350789519492537	[96.378, 86.33]	[0.00806375, 0.0355984375]
R	124	0.00016350789519492537	[96.362, 86.36]	[0.00781, 0.0358453125]
R	125	0.00016350789519492537	[96.404, 86.24]	[0.0073578125, 0.0350125]
R	126	0.00016350789519492537	[96.424, 86.33]	[0.007524375, 0.03576875]
R	127	0.00016350789519492537	[96.378, 86.52]	[0.0080259375, 0.0350953125]
R	128	0.00016350789519492537	[96.364, 86.51]	[0.0076465625, 0.034628125]
R	129	0.00016350789519492537	[96.542, 86.69]	[0.007701875, 0.03476875]
R	130	0.00016350789519492537	[96.576, 86.47]	[0.00732375, 0.0350875]
R	131	0.00016350789519492537	[96.47, 86.48]	[0.0073253125, 0.034790625]
R	132	0.00016350789519492537	[96.428, 86.42]	[0.0077825, 0.035396875]
R	133	0.00016350789519492537	[96.536, 86.52]	[0.0075825, 0.035128125]
R	134	0.00016350789519492537	[96.428, 86.51]	[0.00816875, 0.034409375]
R	135	0.00016350789519492537	[96.42, 86.37]	[0.0075015625, 0.0355578125]
R	136	0.00016350789519492537	[96.524, 86.47]	[0.00735875, 0.0346453125]
R	137	0.00016350789519492537	[96.51, 86.47]	[0.007618125, 0.0348953125]
R	138	0.00016350789519492537	[96.574, 86.36]	[0.0074815625, 0.035365625]
R	139	0.00016350789519492537	[96.67, 86.36]	[0.0073046875, 0.035359375]
R	140	0.00016350789519492537	[96.624, 86.48]	[0.00774375, 0.036146875]
R	141	0.00016350789519492537	[96.526, 86.65]	[0.0075653125, 0.034215625]
R	142	0.00016350789519492537	[96.464, 86.51]	[0.0077353125, 0.03410625]
R	143	0.00016350789519492537	[96.596, 86.47]	[0.007391875, 0.0350078125]
R	144	0.00016350789519492537	[96.744, 86.43]	[0.0069271875, 0.0349359375]
R	145	0.00016350789519492537	[96.548, 86.63]	[0.0080515625, 0.035028125]
R	146	0.00016350789519492537	[96.546, 86.35]	[0.0076396875, 0.0357390625]
R	147	0.00016350789519492537	[96.552, 86.36]	[0.007570625, 0.0348609375]
R	148	0.00016350789519492537	[96.702, 86.72]	[0.0073265625, 0.033946875]
R	149	0.00016350789519492537	[96.64, 86.46]	[0.00742625, 0.035484375]
R	150	0.00016350789519492537	[96.74, 86.45]	[0.007123125, 0.0347765625]
R	151	0.00016350789519492537	[96.736, 86.58]	[0.0070259375, 0.0346328125]
R	152	0.00016350789519492537	[96.75, 86.58]	[0.0071803125, 0.0352640625]
R	153	0.00016350789519492537	[96.924, 86.29]	[0.0069115625, 0.035265625]
R	154	0.00016350789519492537	[96.652, 86.54]	[0.0072121875, 0.0339515625]
R	155	0.00016350789519492537	[96.686, 86.5]	[0.0071859375, 0.0353046875]
R	156	0.00016350789519492537	[96.71, 86.63]	[0.00715125, 0.034403125]
R	157	0.00016350789519492537	[96.742, 86.54]	[0.007175, 0.0350921875]
R	158	0.00016350789519492537	[96.694, 86.48]	[0.007256875, 0.0353984375]
R	159	0.00016350789519492537	[96.674, 86.71]	[0.0074403125, 0.0344359375]
R	160	0.00016350789519492537	[96.786, 86.53]	[0.006843125, 0.0348859375]
R	161	0.00016350789519492537	[96.84, 86.64]	[0.0073521875, 0.0348421875]
R	162	0.00016350789519492537	[96.794, 86.43]	[0.006696875, 0.03445625]
R	163	0.00016350789519492537	[96.76, 86.6]	[0.0075825, 0.0338890625]
R	164	0.00016350789519492537	[96.876, 86.58]	[0.006454375, 0.03469375]
R	165	0.00016350789519492537	[96.91, 86.71]	[0.00703625, 0.0350453125]
R	166	0.00016350789519492537	[96.738, 86.37]	[0.00704375, 0.0348203125]
R	167	0.00016350789519492537	[96.764, 86.75]	[0.0072703125, 0.033775]
R	168	0.00016350789519492537	[96.794, 86.43]	[0.0070425, 0.03476875]
R	169	0.00016350789519492537	[96.822, 86.48]	[0.0069834375, 0.0345390625]
R	170	0.00016350789519492537	[96.696, 86.51]	[0.007375625, 0.0357765625]
R	171	0.00016350789519492537	[96.916, 86.64]	[0.0067265625, 0.0346921875]
R	172	0.00016350789519492537	[96.992, 86.65]	[0.0067609375, 0.0340078125]
R	173	0.00016350789519492537	[96.746, 86.66]	[0.0089028125, 0.0341828125]
R	174	0.00016350789519492537	[96.894, 86.51]	[0.00665125, 0.0346328125]
R	175	0.00016350789519492537	[96.958, 86.45]	[0.0067421875, 0.0356875]
R	176	0.00016350789519492537	[96.962, 86.58]	[0.006185, 0.0348171875]
R	177	0.00016350789519492537	[96.812, 86.4]	[0.00693, 0.0344828125]
R	178	0.00016350789519492537	[96.788, 86.36]	[0.0071628125, 0.03523125]
R	179	0.00016350789519492537	[96.888, 86.42]	[0.00676125, 0.03490625]
R	180	0.00016350789519492537	[96.948, 86.68]	[0.006851875, 0.03405625]
R	181	0.00016350789519492537	[96.756, 86.57]	[0.00723, 0.034128125]
R	182	0.00016350789519492537	[96.938, 86.56]	[0.0063053125, 0.0347953125]
R	183	0.00016350789519492537	[97.082, 86.4]	[0.0066834375, 0.0356890625]
R	184	0.00016350789519492537	[96.952, 86.55]	[0.006240625, 0.0353078125]
R	185	0.00016350789519492537	[96.882, 86.73]	[0.00670875, 0.03438125]
R	186	0.00016350789519492537	[96.936, 86.6]	[0.006598125, 0.03446875]
R	187	0.00016350789519492537	[97.152, 86.54]	[0.00578, 0.0350171875]
R	188	0.00016350789519492537	[96.774, 86.47]	[0.0067353125, 0.0354296875]
R	189	0.00016350789519492537	[97.094, 86.58]	[0.00663875, 0.0346546875]
R	190	0.00016350789519492537	[96.946, 86.65]	[0.00701125, 0.03369375]
R	191	0.00016350789519492537	[97.04, 86.69]	[0.0061846875, 0.034515625]
R	192	0.00016350789519492537	[96.96, 86.47]	[0.00676125, 0.0360734375]
R	193	0.00016350789519492537	[96.912, 86.43]	[0.006808125, 0.034703125]
R	194	0.00016350789519492537	[96.994, 86.58]	[0.00676625, 0.0341203125]
R	195	0.00016350789519492537	[97.2, 86.53]	[0.005944375, 0.0348640625]
R	196	0.00016350789519492537	[97.098, 86.62]	[0.0065240625, 0.0342828125]
R	197	0.00016350789519492537	[97.034, 86.61]	[0.0066878125, 0.035090625]
R	198	9.999999747378752e-05	[97.158, 86.72]	[0.006289375, 0.0347890625]
R	199	1.9999999494757503e-05	[97.162, 86.7]	[0.00587875, 0.03380625]
