L	0	0.0018190706614404917	[91.084, 85.28]	[0.0224590625, 0.0389765625]
L	1	0.0015484229661524296	[91.708, 85.57]	[0.0212378125, 0.038375]
R	0	0.00023939194215927273	[93.88, 85.8]	[0.015909375, 0.0368796875]
R	1	0.00019784457981586456	[93.942, 85.32]	[0.0157984375, 0.0405953125]
R	2	0.000263331166934222	[94.79, 86.05]	[0.0130328125, 0.0345796875]
R	3	0.00023939194215927273	[94.922, 85.85]	[0.0134509375, 0.0385625]
R	4	0.000263331166934222	[95.382, 86.5]	[0.0111090625, 0.0352171875]
R	5	5.209864684729837e-05	[96.022, 86.43]	[0.009226875, 0.034871875]
R	6	5.209864684729837e-05	[96.05, 86.47]	[0.0092440625, 0.035221875]
R	7	5.209864684729837e-05	[95.896, 86.44]	[0.0093434375, 0.0345953125]
R	8	5.209864684729837e-05	[95.992, 86.57]	[0.00910125, 0.033753125]
R	9	5.209864684729837e-05	[96.14, 86.33]	[0.0092903125, 0.0358859375]
R	10	5.209864684729837e-05	[96.066, 86.51]	[0.009336875, 0.0350078125]
R	11	5.209864684729837e-05	[96.218, 86.4]	[0.0089434375, 0.035121875]
R	12	5.209864684729837e-05	[96.208, 86.69]	[0.00850875, 0.0348359375]
R	13	5.209864684729837e-05	[96.236, 86.56]	[0.008946875, 0.0356859375]
R	14	5.209864684729837e-05	[96.372, 86.67]	[0.0083184375, 0.0340953125]
R	15	5.209864684729837e-05	[96.198, 86.58]	[0.0085203125, 0.034246875]
R	16	5.209864684729837e-05	[96.39, 86.48]	[0.0083746875, 0.0348046875]
R	17	5.209864684729837e-05	[96.212, 86.42]	[0.008553125, 0.03460625]
R	18	5.209864684729837e-05	[96.414, 86.53]	[0.0081896875, 0.0350453125]
R	19	5.209864684729837e-05	[96.424, 86.62]	[0.0084921875, 0.035253125]
R	20	5.209864684729837e-05	[96.64, 86.74]	[0.0078471875, 0.0339609375]
R	21	5.209864684729837e-05	[96.394, 86.55]	[0.0081371875, 0.0341953125]
R	22	5.209864684729837e-05	[96.414, 86.63]	[0.00817625, 0.0345984375]
R	23	5.209864684729837e-05	[96.402, 86.63]	[0.0081559375, 0.0345015625]
R	24	5.209864684729837e-05	[96.656, 86.58]	[0.00730875, 0.0345828125]
R	25	5.209864684729837e-05	[96.548, 86.67]	[0.0079171875, 0.033996875]
R	26	5.209864684729837e-05	[96.506, 86.59]	[0.0076484375, 0.03439375]
R	27	5.209864684729837e-05	[96.508, 86.56]	[0.0080303125, 0.0348265625]
R	28	5.209864684729837e-05	[96.468, 86.51]	[0.00784625, 0.034115625]
R	29	5.209864684729837e-05	[96.634, 86.54]	[0.0076384375, 0.034265625]
R	30	5.209864684729837e-05	[96.566, 86.6]	[0.0079196875, 0.03503125]
R	31	5.209864684729837e-05	[96.578, 86.58]	[0.007561875, 0.0344078125]
R	32	5.209864684729837e-05	[96.616, 86.77]	[0.0076165625, 0.0341578125]
R	33	5.209864684729837e-05	[96.628, 86.73]	[0.007788125, 0.0347578125]
R	34	5.209864684729837e-05	[96.654, 86.61]	[0.0071415625, 0.0342296875]
R	35	5.209864684729837e-05	[96.536, 86.83]	[0.0081109375, 0.033978125]
R	36	5.209864684729837e-05	[96.66, 86.65]	[0.0071228125, 0.03446875]
R	37	5.209864684729837e-05	[96.658, 86.62]	[0.00761875, 0.0342828125]
R	38	5.209864684729837e-05	[96.57, 86.58]	[0.007651875, 0.0349328125]
R	39	5.209864684729837e-05	[96.688, 86.65]	[0.0075534375, 0.034078125]
R	40	5.209864684729837e-05	[96.72, 86.57]	[0.0073909375, 0.0341171875]
R	41	5.209864684729837e-05	[96.738, 86.7]	[0.0075978125, 0.034603125]
R	42	5.209864684729837e-05	[96.736, 86.9]	[0.0076021875, 0.0344203125]
R	43	5.209864684729837e-05	[96.628, 86.64]	[0.007908125, 0.0340234375]
R	44	5.209864684729837e-05	[96.688, 86.63]	[0.00716375, 0.03426875]
R	45	5.209864684729837e-05	[96.72, 86.61]	[0.0073453125, 0.03449375]
R	46	5.209864684729837e-05	[96.87, 86.56]	[0.0072640625, 0.0350859375]
R	47	5.209864684729837e-05	[96.862, 86.82]	[0.0067959375, 0.03360625]
R	48	5.209864684729837e-05	[96.928, 86.73]	[0.0072075, 0.0344984375]
R	49	5.209864684729837e-05	[96.842, 86.75]	[0.0071353125, 0.0346796875]
R	50	5.209864684729837e-05	[96.796, 86.8]	[0.007083125, 0.034009375]
R	51	5.209864684729837e-05	[96.896, 86.59]	[0.006900625, 0.033496875]
R	52	5.209864684729837e-05	[96.792, 86.6]	[0.0070553125, 0.0342609375]
R	53	5.209864684729837e-05	[97.038, 86.7]	[0.0065946875, 0.0338390625]
R	54	5.209864684729837e-05	[96.866, 86.55]	[0.0072996875, 0.0352890625]
R	55	5.209864684729837e-05	[96.936, 86.61]	[0.0071396875, 0.0346296875]
R	56	5.209864684729837e-05	[96.878, 86.55]	[0.0069771875, 0.0341515625]
R	57	5.209864684729837e-05	[96.922, 86.63]	[0.0071696875, 0.034684375]
R	58	5.209864684729837e-05	[96.936, 86.73]	[0.0071934375, 0.034278125]
R	59	5.209864684729837e-05	[97.014, 86.83]	[0.0066828125, 0.03366875]
R	60	5.209864684729837e-05	[96.996, 86.7]	[0.0069125, 0.0338921875]
R	61	5.209864684729837e-05	[96.942, 86.62]	[0.007776875, 0.0345515625]
R	62	5.209864684729837e-05	[96.866, 86.65]	[0.007058125, 0.0340046875]
R	63	5.209864684729837e-05	[96.73, 86.6]	[0.00721375, 0.034275]
R	64	5.209864684729837e-05	[96.944, 86.7]	[0.00684125, 0.034515625]
R	65	5.209864684729837e-05	[97.054, 86.82]	[0.0064403125, 0.034165625]
R	66	5.209864684729837e-05	[97.01, 86.86]	[0.0067378125, 0.0337984375]
R	67	5.209864684729837e-05	[97.11, 86.71]	[0.0066496875, 0.034534375]
R	68	5.209864684729837e-05	[97.09, 86.63]	[0.006844375, 0.0342265625]
R	69	5.209864684729837e-05	[97.082, 86.71]	[0.006690625, 0.034359375]
R	70	5.209864684729837e-05	[97.128, 86.78]	[0.00636375, 0.03355]
R	71	5.209864684729837e-05	[97.026, 86.69]	[0.00670875, 0.0350609375]
R	72	5.209864684729837e-05	[97.108, 86.86]	[0.006475625, 0.0338359375]
R	73	5.209864684729837e-05	[97.092, 86.72]	[0.006075625, 0.0344921875]
R	74	5.209864684729837e-05	[97.056, 86.52]	[0.00688, 0.0348078125]
R	75	5.209864684729837e-05	[97.042, 86.69]	[0.00686875, 0.03426875]
R	76	5.209864684729837e-05	[96.936, 86.6]	[0.006708125, 0.0345203125]
R	77	5.209864684729837e-05	[97.12, 86.59]	[0.0063171875, 0.03455]
R	78	5.209864684729837e-05	[97.092, 86.66]	[0.0062465625, 0.034409375]
R	79	5.209864684729837e-05	[97.134, 86.69]	[0.0069478125, 0.0352921875]
R	80	5.209864684729837e-05	[97.216, 86.64]	[0.006318125, 0.0346984375]
R	81	5.209864684729837e-05	[97.05, 86.6]	[0.0064578125, 0.0352953125]
R	82	5.209864684729837e-05	[97.034, 86.54]	[0.007085625, 0.034625]
R	83	5.209864684729837e-05	[97.178, 86.72]	[0.006816875, 0.0340140625]
R	84	5.209864684729837e-05	[96.994, 86.55]	[0.006634375, 0.034384375]
R	85	5.209864684729837e-05	[97.118, 86.82]	[0.00668, 0.0339453125]
R	86	5.209864684729837e-05	[97.07, 86.69]	[0.0067259375, 0.0342703125]
R	87	5.209864684729837e-05	[97.11, 86.79]	[0.0065121875, 0.034321875]
R	88	5.209864684729837e-05	[97.084, 86.52]	[0.0065671875, 0.034190625]
R	89	5.209864684729837e-05	[97.046, 86.63]	[0.0068315625, 0.034696875]
R	90	5.209864684729837e-05	[97.13, 86.46]	[0.0067828125, 0.0347453125]
R	91	5.209864684729837e-05	[97.066, 86.67]	[0.0066528125, 0.0343125]
R	92	5.209864684729837e-05	[97.156, 86.76]	[0.006493125, 0.033565625]
R	93	5.209864684729837e-05	[97.162, 86.67]	[0.0065284375, 0.0342453125]
R	94	5.209864684729837e-05	[97.112, 86.71]	[0.0068340625, 0.034525]
R	95	5.209864684729837e-05	[97.078, 86.54]	[0.00648, 0.0345640625]
R	96	5.209864684729837e-05	[97.194, 86.66]	[0.0064265625, 0.0345203125]
R	97	5.209864684729837e-05	[97.226, 86.52]	[0.006533125, 0.0347015625]
R	98	5.209864684729837e-05	[97.318, 86.63]	[0.00614, 0.0344515625]
R	99	5.209864684729837e-05	[97.12, 86.47]	[0.0065334375, 0.0343515625]
R	100	5.209864684729837e-05	[97.158, 86.58]	[0.006333125, 0.0349140625]
R	101	5.209864684729837e-05	[97.074, 86.62]	[0.0065284375, 0.0339171875]
R	102	5.209864684729837e-05	[97.18, 86.68]	[0.00611125, 0.03436875]
R	103	5.209864684729837e-05	[97.052, 86.65]	[0.006349375, 0.03454375]
R	104	5.209864684729837e-05	[97.334, 86.73]	[0.0059921875, 0.034365625]
R	105	5.209864684729837e-05	[97.338, 86.66]	[0.0059775, 0.034396875]
R	106	5.209864684729837e-05	[97.286, 86.59]	[0.005933125, 0.035440625]
R	107	5.209864684729837e-05	[97.218, 86.76]	[0.0062834375, 0.0341125]
R	108	5.209864684729837e-05	[97.226, 86.71]	[0.0059115625, 0.034825]
R	109	5.209864684729837e-05	[97.282, 86.76]	[0.0057334375, 0.0341046875]
R	110	5.209864684729837e-05	[97.264, 86.8]	[0.0064684375, 0.0343171875]
R	111	5.209864684729837e-05	[97.298, 86.7]	[0.006264375, 0.0341796875]
R	112	5.209864684729837e-05	[97.244, 86.69]	[0.0060221875, 0.03406875]
R	113	5.209864684729837e-05	[97.266, 86.67]	[0.0061209375, 0.0344171875]
R	114	5.209864684729837e-05	[97.374, 86.76]	[0.0059490625, 0.0345578125]
R	115	5.209864684729837e-05	[97.168, 86.82]	[0.0066196875, 0.0341078125]
R	116	5.209864684729837e-05	[97.342, 86.7]	[0.0060328125, 0.0344359375]
R	117	5.209864684729837e-05	[97.302, 86.7]	[0.0055953125, 0.0337578125]
R	118	5.209864684729837e-05	[97.404, 86.72]	[0.0057334375, 0.0335515625]
R	119	5.209864684729837e-05	[97.276, 86.67]	[0.0063059375, 0.0344265625]
R	120	5.209864684729837e-05	[97.374, 86.72]	[0.005871875, 0.0337390625]
R	121	5.209864684729837e-05	[97.392, 86.71]	[0.0058834375, 0.0344953125]
R	122	5.209864684729837e-05	[97.394, 86.7]	[0.005788125, 0.034478125]
R	123	5.209864684729837e-05	[97.418, 86.74]	[0.005848125, 0.033825]
R	124	5.209864684729837e-05	[97.272, 86.53]	[0.005666875, 0.034178125]
R	125	5.209864684729837e-05	[97.36, 86.78]	[0.0062490625, 0.0340828125]
R	126	5.209864684729837e-05	[97.296, 86.6]	[0.006058125, 0.0342109375]
R	127	5.209864684729837e-05	[97.384, 86.62]	[0.00592, 0.0346140625]
R	128	5.209864684729837e-05	[97.312, 86.74]	[0.0060234375, 0.03380625]
R	129	5.209864684729837e-05	[97.336, 86.73]	[0.0059084375, 0.0340484375]
R	130	5.209864684729837e-05	[97.258, 86.56]	[0.006049375, 0.03506875]
R	131	5.209864684729837e-05	[97.344, 86.65]	[0.00588, 0.0337171875]
R	132	5.209864684729837e-05	[97.28, 86.47]	[0.0059228125, 0.034675]
R	133	5.209864684729837e-05	[97.376, 86.77]	[0.005805625, 0.0339125]
R	134	5.209864684729837e-05	[97.266, 86.56]	[0.005976875, 0.0351078125]
R	135	5.209864684729837e-05	[97.432, 86.63]	[0.00561875, 0.034090625]
R	136	5.209864684729837e-05	[97.408, 86.62]	[0.00584625, 0.0348140625]
R	137	5.209864684729837e-05	[97.434, 86.68]	[0.005983125, 0.034421875]
R	138	5.209864684729837e-05	[97.38, 86.66]	[0.0055396875, 0.0340671875]
R	139	5.209864684729837e-05	[97.292, 86.64]	[0.005668125, 0.0344796875]
R	140	5.209864684729837e-05	[97.354, 86.73]	[0.0059921875, 0.0339453125]
R	141	5.209864684729837e-05	[97.482, 86.66]	[0.00563625, 0.0338875]
R	142	5.209864684729837e-05	[97.418, 86.57]	[0.00570625, 0.0340515625]
R	143	5.209864684729837e-05	[97.512, 86.62]	[0.0054334375, 0.0340640625]
R	144	5.209864684729837e-05	[97.382, 86.61]	[0.005778125, 0.0345921875]
R	145	5.209864684729837e-05	[97.438, 86.66]	[0.005636875, 0.0346625]
R	146	5.209864684729837e-05	[97.384, 86.77]	[0.0058065625, 0.0343703125]
R	147	5.209864684729837e-05	[97.3, 86.63]	[0.0061078125, 0.0340046875]
R	148	5.209864684729837e-05	[97.456, 86.63]	[0.005525, 0.034978125]
R	149	5.209864684729837e-05	[97.33, 86.61]	[0.00573, 0.034903125]
R	150	5.209864684729837e-05	[97.362, 86.66]	[0.0060503125, 0.0342953125]
R	151	5.209864684729837e-05	[97.306, 86.69]	[0.0055559375, 0.0337171875]
R	152	5.209864684729837e-05	[97.428, 86.87]	[0.005773125, 0.033653125]
R	153	5.209864684729837e-05	[97.436, 86.83]	[0.005595625, 0.034625]
R	154	5.209864684729837e-05	[97.532, 86.72]	[0.0055175, 0.0342140625]
R	155	5.209864684729837e-05	[97.398, 86.57]	[0.0055409375, 0.034490625]
R	156	5.209864684729837e-05	[97.492, 86.84]	[0.00566875, 0.0340546875]
R	157	5.209864684729837e-05	[97.518, 86.78]	[0.00538875, 0.03378125]
R	158	5.209864684729837e-05	[97.424, 86.72]	[0.0060278125, 0.0343390625]
R	159	5.209864684729837e-05	[97.476, 86.85]	[0.0055390625, 0.034053125]
R	160	5.209864684729837e-05	[97.52, 86.73]	[0.005305, 0.034153125]
R	161	5.209864684729837e-05	[97.484, 86.73]	[0.0053075, 0.0345421875]
R	162	5.209864684729837e-05	[97.6, 86.79]	[0.005025, 0.0339890625]
R	163	5.209864684729837e-05	[97.472, 86.67]	[0.00569375, 0.0349375]
R	164	5.209864684729837e-05	[97.564, 86.8]	[0.0053471875, 0.034178125]
R	165	5.209864684729837e-05	[97.52, 86.67]	[0.00527375, 0.033796875]
R	166	5.209864684729837e-05	[97.43, 86.72]	[0.0059509375, 0.034096875]
R	167	5.209864684729837e-05	[97.302, 86.66]	[0.0065553125, 0.034965625]
R	168	5.209864684729837e-05	[97.414, 86.8]	[0.00593375, 0.03396875]
R	169	5.209864684729837e-05	[97.498, 86.47]	[0.005755, 0.035053125]
R	170	5.209864684729837e-05	[97.52, 86.62]	[0.0056290625, 0.0348734375]
R	171	5.209864684729837e-05	[97.466, 86.66]	[0.0056834375, 0.0341875]
R	172	5.209864684729837e-05	[97.472, 86.74]	[0.0054059375, 0.03360625]
R	173	5.209864684729837e-05	[97.578, 86.64]	[0.0052996875, 0.0348984375]
R	174	5.209864684729837e-05	[97.52, 86.73]	[0.005210625, 0.034475]
R	175	5.209864684729837e-05	[97.546, 86.68]	[0.005316875, 0.0339453125]
R	176	5.209864684729837e-05	[97.484, 86.72]	[0.00590125, 0.0349828125]
R	177	5.209864684729837e-05	[97.48, 86.57]	[0.0051709375, 0.0344203125]
R	178	5.209864684729837e-05	[97.552, 86.67]	[0.005155625, 0.0347984375]
R	179	5.209864684729837e-05	[97.612, 86.65]	[0.00518375, 0.0350390625]
R	180	5.209864684729837e-05	[97.564, 86.59]	[0.005323125, 0.03453125]
R	181	5.209864684729837e-05	[97.512, 86.68]	[0.005464375, 0.03430625]
R	182	5.209864684729837e-05	[97.464, 86.72]	[0.00563125, 0.0350140625]
R	183	5.209864684729837e-05	[97.5, 86.66]	[0.005896875, 0.033728125]
R	184	5.209864684729837e-05	[97.624, 86.63]	[0.005474375, 0.0346765625]
R	185	5.209864684729837e-05	[97.584, 86.66]	[0.00516625, 0.0347453125]
R	186	5.209864684729837e-05	[97.568, 86.67]	[0.00516125, 0.0345390625]
R	187	5.209864684729837e-05	[97.558, 86.7]	[0.0058740625, 0.03445625]
R	188	5.209864684729837e-05	[97.492, 86.68]	[0.0057059375, 0.0344703125]
R	189	5.209864684729837e-05	[97.48, 86.61]	[0.0054065625, 0.0340265625]
R	190	5.209864684729837e-05	[97.386, 86.71]	[0.0057134375, 0.03375625]
R	191	5.209864684729837e-05	[97.698, 86.68]	[0.005013125, 0.034325]
R	192	5.209864684729837e-05	[97.624, 86.64]	[0.0050771875, 0.0343359375]
R	193	5.209864684729837e-05	[97.608, 86.64]	[0.00566125, 0.0346453125]
R	194	5.209864684729837e-05	[97.552, 86.6]	[0.00537, 0.034890625]
R	195	5.209864684729837e-05	[97.634, 86.53]	[0.0056046875, 0.0354703125]
R	196	5.209864684729837e-05	[97.58, 86.7]	[0.0056671875, 0.034784375]
R	197	5.209864684729837e-05	[97.652, 86.56]	[0.0048540625, 0.0340359375]
R	198	5.209864684729837e-05	[97.648, 86.66]	[0.0055778125, 0.0349015625]
R	199	1.9999999494757503e-05	[97.668, 86.6]	[0.00514625, 0.0346375]
