L	0	0.002357199788093567	[97.442, 86.6]	[0.005720625, 0.0349453125]
L	1	0.0010996160563081503	[97.484, 86.67]	[0.0055575, 0.035221875]
R	0	0.00019784457981586456	[97.622, 86.52]	[0.0055434375, 0.034715625]
R	1	0.00017985868907999247	[97.366, 86.43]	[0.00672875, 0.0351578125]
R	2	0.00019784457981586456	[97.386, 86.53]	[0.0059115625, 0.0348]
R	3	0.00010152552567888051	[97.626, 86.5]	[0.0057721875, 0.0345390625]
R	4	9.229593706550077e-05	[97.684, 86.54]	[0.0052028125, 0.0346671875]
R	5	3.5584071156335995e-05	[97.7, 86.61]	[0.00517125, 0.034434375]
R	6	3.5584071156335995e-05	[97.732, 86.5]	[0.0051925, 0.0345078125]
R	7	3.5584071156335995e-05	[97.866, 86.66]	[0.004998125, 0.034696875]
R	8	3.5584071156335995e-05	[97.814, 86.52]	[0.0046421875, 0.0347421875]
R	9	3.5584071156335995e-05	[97.712, 86.63]	[0.0053771875, 0.0344078125]
R	10	3.5584071156335995e-05	[97.75, 86.57]	[0.00513125, 0.0346578125]
R	11	3.5584071156335995e-05	[97.788, 86.51]	[0.005190625, 0.0347359375]
R	12	3.5584071156335995e-05	[97.868, 86.49]	[0.0045209375, 0.03521875]
R	13	3.5584071156335995e-05	[97.79, 86.62]	[0.004800625, 0.03416875]
R	14	3.5584071156335995e-05	[97.724, 86.62]	[0.005585, 0.0340828125]
R	15	3.5584071156335995e-05	[97.796, 86.56]	[0.005125, 0.03476875]
R	16	3.5584071156335995e-05	[97.856, 86.67]	[0.0048584375, 0.0339640625]
R	17	3.5584071156335995e-05	[97.836, 86.51]	[0.00501375, 0.0345171875]
R	18	3.5584071156335995e-05	[97.848, 86.6]	[0.0048275, 0.0343578125]
R	19	3.5584071156335995e-05	[97.906, 86.56]	[0.0049878125, 0.0344796875]
R	20	3.5584071156335995e-05	[97.79, 86.57]	[0.0050765625, 0.034721875]
R	21	3.5584071156335995e-05	[97.876, 86.47]	[0.0048546875, 0.0343421875]
R	22	3.5584071156335995e-05	[97.864, 86.58]	[0.004970625, 0.0341453125]
R	23	3.5584071156335995e-05	[97.816, 86.57]	[0.0048584375, 0.03404375]
R	24	3.5584071156335995e-05	[97.872, 86.58]	[0.0050015625, 0.034209375]
R	25	3.5584071156335995e-05	[97.882, 86.57]	[0.0046703125, 0.034353125]
R	26	3.5584071156335995e-05	[97.836, 86.54]	[0.004911875, 0.0345921875]
R	27	3.5584071156335995e-05	[97.918, 86.62]	[0.0048840625, 0.0338609375]
R	28	3.5584071156335995e-05	[97.788, 86.54]	[0.0049871875, 0.034546875]
R	29	3.5584071156335995e-05	[97.894, 86.48]	[0.0046134375, 0.03414375]
R	30	3.5584071156335995e-05	[97.868, 86.53]	[0.0043978125, 0.0343859375]
R	31	3.5584071156335995e-05	[97.882, 86.68]	[0.00480375, 0.0338328125]
R	32	3.5584071156335995e-05	[97.706, 86.58]	[0.00548875, 0.0342265625]
R	33	3.5584071156335995e-05	[97.946, 86.64]	[0.004521875, 0.03381875]
R	34	3.5584071156335995e-05	[97.796, 86.61]	[0.0048359375, 0.0342578125]
R	35	3.5584071156335995e-05	[97.916, 86.58]	[0.004478125, 0.034059375]
R	36	3.5584071156335995e-05	[97.762, 86.72]	[0.0051209375, 0.0342234375]
R	37	3.5584071156335995e-05	[97.828, 86.63]	[0.0047575, 0.033715625]
R	38	3.5584071156335995e-05	[97.956, 86.58]	[0.004716875, 0.03361875]
R	39	3.5584071156335995e-05	[97.802, 86.58]	[0.0046653125, 0.0340109375]
R	40	3.5584071156335995e-05	[97.884, 86.7]	[0.004773125, 0.0335546875]
R	41	3.5584071156335995e-05	[97.846, 86.58]	[0.004635, 0.0343109375]
R	42	3.5584071156335995e-05	[97.862, 86.52]	[0.004845625, 0.034590625]
R	43	3.5584071156335995e-05	[97.806, 86.58]	[0.0049346875, 0.0339828125]
R	44	3.5584071156335995e-05	[97.744, 86.47]	[0.0049678125, 0.0352765625]
R	45	3.5584071156335995e-05	[97.802, 86.69]	[0.0052396875, 0.033703125]
R	46	3.5584071156335995e-05	[97.916, 86.7]	[0.004684375, 0.0338078125]
R	47	3.5584071156335995e-05	[97.824, 86.58]	[0.0047746875, 0.0342859375]
R	48	3.5584071156335995e-05	[97.928, 86.62]	[0.0047009375, 0.0340203125]
R	49	3.5584071156335995e-05	[97.784, 86.61]	[0.0048834375, 0.034696875]
R	50	3.5584071156335995e-05	[97.942, 86.58]	[0.0046553125, 0.0341828125]
R	51	3.5584071156335995e-05	[97.882, 86.61]	[0.0047990625, 0.0343578125]
R	52	3.5584071156335995e-05	[97.87, 86.55]	[0.0048475, 0.034134375]
R	53	3.5584071156335995e-05	[97.84, 86.76]	[0.004540625, 0.033809375]
R	54	3.5584071156335995e-05	[97.924, 86.58]	[0.00457875, 0.0344078125]
R	55	3.5584071156335995e-05	[97.766, 86.56]	[0.004950625, 0.0341171875]
R	56	3.5584071156335995e-05	[97.88, 86.53]	[0.004683125, 0.0340578125]
R	57	3.5584071156335995e-05	[97.896, 86.57]	[0.0047771875, 0.034190625]
R	58	3.5584071156335995e-05	[98.064, 86.56]	[0.0040175, 0.0338828125]
R	59	3.5584071156335995e-05	[97.95, 86.52]	[0.0044684375, 0.033940625]
R	60	3.5584071156335995e-05	[97.914, 86.58]	[0.00474875, 0.0342546875]
R	61	3.5584071156335995e-05	[97.758, 86.52]	[0.00497375, 0.0345734375]
R	62	3.5584071156335995e-05	[97.916, 86.58]	[0.0048509375, 0.0340453125]
R	63	3.5584071156335995e-05	[97.874, 86.62]	[0.0043571875, 0.0340234375]
R	64	3.5584071156335995e-05	[97.888, 86.6]	[0.00457375, 0.0340015625]
R	65	3.5584071156335995e-05	[97.948, 86.61]	[0.004661875, 0.03391875]
R	66	3.5584071156335995e-05	[97.936, 86.59]	[0.004478125, 0.0341234375]
R	67	3.5584071156335995e-05	[97.842, 86.52]	[0.0046084375, 0.0344203125]
R	68	3.5584071156335995e-05	[97.908, 86.62]	[0.0047571875, 0.034278125]
R	69	3.5584071156335995e-05	[97.852, 86.58]	[0.0047278125, 0.034021875]
R	70	3.5584071156335995e-05	[97.968, 86.67]	[0.004575, 0.033409375]
R	71	3.5584071156335995e-05	[97.92, 86.58]	[0.0045821875, 0.0344078125]
R	72	3.5584071156335995e-05	[97.84, 86.69]	[0.0047896875, 0.0335265625]
R	73	3.5584071156335995e-05	[97.982, 86.59]	[0.004291875, 0.0340921875]
R	74	3.5584071156335995e-05	[97.844, 86.58]	[0.004958125, 0.034071875]
R	75	3.5584071156335995e-05	[97.928, 86.65]	[0.00444625, 0.033603125]
R	76	3.5584071156335995e-05	[97.902, 86.7]	[0.004529375, 0.0335125]
R	77	3.5584071156335995e-05	[98.0, 86.61]	[0.004368125, 0.034196875]
R	78	3.5584071156335995e-05	[97.91, 86.65]	[0.004598125, 0.0336484375]
R	79	3.5584071156335995e-05	[97.908, 86.64]	[0.0048378125, 0.03371875]
R	80	3.5584071156335995e-05	[97.896, 86.64]	[0.004705, 0.0336234375]
R	81	3.5584071156335995e-05	[97.954, 86.6]	[0.0046565625, 0.03380625]
R	82	3.5584071156335995e-05	[97.916, 86.5]	[0.0044346875, 0.0343796875]
R	83	3.5584071156335995e-05	[97.934, 86.6]	[0.0048203125, 0.033803125]
R	84	3.5584071156335995e-05	[97.916, 86.66]	[0.0050084375, 0.033715625]
R	85	3.5584071156335995e-05	[97.998, 86.62]	[0.004631875, 0.033978125]
R	86	3.5584071156335995e-05	[98.022, 86.57]	[0.00466875, 0.03470625]
R	87	3.5584071156335995e-05	[97.984, 86.62]	[0.00437375, 0.0338765625]
R	88	3.5584071156335995e-05	[97.91, 86.63]	[0.004630625, 0.03379375]
R	89	3.5584071156335995e-05	[97.914, 86.61]	[0.004421875, 0.0339375]
R	90	3.5584071156335995e-05	[97.802, 86.6]	[0.0051059375, 0.0337953125]
R	91	3.5584071156335995e-05	[97.924, 86.47]	[0.00468, 0.0342421875]
R	92	3.5584071156335995e-05	[97.92, 86.64]	[0.0047434375, 0.0339546875]
R	93	3.5584071156335995e-05	[97.888, 86.63]	[0.004479375, 0.0333125]
R	94	3.5584071156335995e-05	[97.95, 86.47]	[0.0045321875, 0.0344]
R	95	3.5584071156335995e-05	[97.958, 86.59]	[0.0043690625, 0.0336296875]
R	96	3.5584071156335995e-05	[97.902, 86.64]	[0.0049034375, 0.0337609375]
R	97	3.5584071156335995e-05	[97.92, 86.63]	[0.0048065625, 0.0333546875]
R	98	3.5584071156335995e-05	[97.892, 86.59]	[0.004768125, 0.0341140625]
R	99	3.5584071156335995e-05	[97.916, 86.55]	[0.00498375, 0.0346765625]
R	100	3.5584071156335995e-05	[97.878, 86.62]	[0.0046165625, 0.033865625]
R	101	3.5584071156335995e-05	[97.892, 86.59]	[0.0044953125, 0.03415]
R	102	3.5584071156335995e-05	[97.988, 86.61]	[0.0048290625, 0.0337828125]
R	103	3.5584071156335995e-05	[97.892, 86.64]	[0.00484875, 0.0339640625]
R	104	3.5584071156335995e-05	[97.96, 86.59]	[0.004209375, 0.0340703125]
R	105	3.5584071156335995e-05	[97.93, 86.54]	[0.0047159375, 0.033690625]
R	106	3.5584071156335995e-05	[97.932, 86.55]	[0.004668125, 0.034021875]
R	107	3.5584071156335995e-05	[97.994, 86.57]	[0.004394375, 0.0339203125]
R	108	3.5584071156335995e-05	[97.872, 86.53]	[0.004921875, 0.03383125]
R	109	3.5584071156335995e-05	[97.876, 86.67]	[0.00471, 0.0335015625]
R	110	3.5584071156335995e-05	[98.068, 86.75]	[0.004141875, 0.033609375]
R	111	3.5584071156335995e-05	[97.998, 86.56]	[0.0046040625, 0.0342796875]
R	112	3.5584071156335995e-05	[97.986, 86.61]	[0.0045090625, 0.034040625]
R	113	3.5584071156335995e-05	[97.908, 86.63]	[0.00473125, 0.033765625]
R	114	3.5584071156335995e-05	[97.928, 86.54]	[0.005135625, 0.0339546875]
R	115	3.5584071156335995e-05	[97.996, 86.64]	[0.00462625, 0.0342171875]
R	116	3.5584071156335995e-05	[98.01, 86.57]	[0.0045196875, 0.0344328125]
R	117	3.5584071156335995e-05	[97.938, 86.55]	[0.0047271875, 0.03440625]
R	118	3.5584071156335995e-05	[97.908, 86.54]	[0.0046684375, 0.0340703125]
R	119	3.5584071156335995e-05	[97.954, 86.59]	[0.004788125, 0.0336703125]
R	120	3.5584071156335995e-05	[97.97, 86.54]	[0.0046165625, 0.034371875]
R	121	3.5584071156335995e-05	[97.934, 86.58]	[0.004680625, 0.0336515625]
R	122	3.5584071156335995e-05	[97.934, 86.61]	[0.004933125, 0.0339828125]
R	123	3.5584071156335995e-05	[97.884, 86.66]	[0.0046196875, 0.0337734375]
R	124	3.5584071156335995e-05	[97.874, 86.59]	[0.00492, 0.034365625]
R	125	3.5584071156335995e-05	[97.888, 86.61]	[0.0047284375, 0.033503125]
R	126	3.5584071156335995e-05	[97.988, 86.58]	[0.00401625, 0.0339515625]
R	127	3.5584071156335995e-05	[97.93, 86.63]	[0.004463125, 0.0335453125]
R	128	3.5584071156335995e-05	[97.854, 86.6]	[0.0048515625, 0.0341375]
R	129	3.5584071156335995e-05	[97.912, 86.66]	[0.0046684375, 0.0338484375]
R	130	3.5584071156335995e-05	[97.98, 86.63]	[0.0046815625, 0.0335046875]
R	131	3.5584071156335995e-05	[97.98, 86.54]	[0.0046690625, 0.0346171875]
R	132	3.5584071156335995e-05	[97.976, 86.52]	[0.004775625, 0.0341015625]
R	133	3.5584071156335995e-05	[97.922, 86.57]	[0.004993125, 0.034078125]
R	134	3.5584071156335995e-05	[97.984, 86.63]	[0.004540625, 0.033990625]
R	135	3.5584071156335995e-05	[97.904, 86.44]	[0.00457875, 0.0342625]
R	136	3.5584071156335995e-05	[97.964, 86.44]	[0.0046984375, 0.0347875]
R	137	3.5584071156335995e-05	[97.916, 86.57]	[0.0046353125, 0.03375625]
R	138	3.5584071156335995e-05	[97.908, 86.51]	[0.00478, 0.03440625]
R	139	3.5584071156335995e-05	[97.96, 86.63]	[0.0046228125, 0.0339375]
R	140	3.5584071156335995e-05	[97.878, 86.55]	[0.00507, 0.0337609375]
R	141	3.5584071156335995e-05	[97.986, 86.63]	[0.0042725, 0.034009375]
R	142	3.5584071156335995e-05	[98.054, 86.51]	[0.0042203125, 0.0341703125]
R	143	3.5584071156335995e-05	[97.974, 86.56]	[0.0046325, 0.034]
R	144	3.5584071156335995e-05	[97.984, 86.57]	[0.0046165625, 0.033625]
R	145	3.5584071156335995e-05	[97.984, 86.54]	[0.004739375, 0.0341046875]
R	146	3.5584071156335995e-05	[97.898, 86.64]	[0.00478125, 0.034121875]
R	147	3.5584071156335995e-05	[97.972, 86.55]	[0.0044390625, 0.0339125]
R	148	3.5584071156335995e-05	[97.834, 86.55]	[0.00464125, 0.0341890625]
R	149	3.5584071156335995e-05	[97.97, 86.53]	[0.00438375, 0.0345546875]
R	150	3.5584071156335995e-05	[97.956, 86.58]	[0.00458125, 0.0337953125]
R	151	3.5584071156335995e-05	[97.896, 86.5]	[0.0046865625, 0.034234375]
R	152	3.5584071156335995e-05	[98.014, 86.54]	[0.004531875, 0.0342484375]
R	153	3.5584071156335995e-05	[97.884, 86.61]	[0.0045484375, 0.0337625]
R	154	3.5584071156335995e-05	[97.992, 86.62]	[0.00438625, 0.0336671875]
R	155	3.5584071156335995e-05	[97.884, 86.56]	[0.0045421875, 0.03425]
R	156	3.5584071156335995e-05	[97.93, 86.61]	[0.0046615625, 0.0342875]
R	157	3.5584071156335995e-05	[97.896, 86.63]	[0.0043334375, 0.0335578125]
R	158	3.5584071156335995e-05	[97.908, 86.6]	[0.004845, 0.0341515625]
R	159	3.5584071156335995e-05	[97.992, 86.62]	[0.0045253125, 0.033821875]
R	160	3.5584071156335995e-05	[97.828, 86.53]	[0.0051621875, 0.0340140625]
R	161	3.5584071156335995e-05	[97.91, 86.43]	[0.004571875, 0.0345375]
R	162	3.5584071156335995e-05	[97.996, 86.52]	[0.0043103125, 0.034234375]
R	163	3.5584071156335995e-05	[97.888, 86.43]	[0.0047165625, 0.034384375]
R	164	3.5584071156335995e-05	[97.934, 86.54]	[0.004628125, 0.0342875]
R	165	3.5584071156335995e-05	[97.934, 86.54]	[0.0046578125, 0.0342515625]
R	166	3.5584071156335995e-05	[97.972, 86.5]	[0.004195, 0.0337140625]
R	167	3.5584071156335995e-05	[97.888, 86.59]	[0.0046428125, 0.0340015625]
R	168	3.5584071156335995e-05	[97.884, 86.61]	[0.0048540625, 0.034078125]
R	169	3.5584071156335995e-05	[97.896, 86.66]	[0.0046534375, 0.0339875]
R	170	3.5584071156335995e-05	[97.934, 86.56]	[0.004535625, 0.033765625]
R	171	3.5584071156335995e-05	[98.03, 86.59]	[0.004336875, 0.0337859375]
R	172	3.5584071156335995e-05	[97.932, 86.61]	[0.00453125, 0.0337421875]
R	173	3.5584071156335995e-05	[97.998, 86.56]	[0.004175, 0.03406875]
R	174	3.5584071156335995e-05	[97.888, 86.57]	[0.0049090625, 0.0338140625]
R	175	3.5584071156335995e-05	[97.948, 86.48]	[0.004760625, 0.0341671875]
R	176	3.5584071156335995e-05	[97.918, 86.54]	[0.00458125, 0.03395]
R	177	3.5584071156335995e-05	[97.962, 86.58]	[0.004465625, 0.0338421875]
R	178	3.5584071156335995e-05	[97.994, 86.54]	[0.004808125, 0.034234375]
R	179	3.5584071156335995e-05	[97.836, 86.51]	[0.0046875, 0.034365625]
R	180	3.5584071156335995e-05	[97.836, 86.62]	[0.0047084375, 0.0336015625]
R	181	3.5584071156335995e-05	[97.952, 86.51]	[0.0044240625, 0.0338875]
R	182	3.5584071156335995e-05	[97.908, 86.58]	[0.0046171875, 0.0335765625]
R	183	3.5584071156335995e-05	[98.022, 86.5]	[0.004304375, 0.03424375]
R	184	3.5584071156335995e-05	[97.984, 86.59]	[0.00460875, 0.0338671875]
R	185	3.5584071156335995e-05	[97.994, 86.6]	[0.0045628125, 0.033575]
R	186	3.5584071156335995e-05	[97.952, 86.52]	[0.00472375, 0.0338234375]
R	187	3.5584071156335995e-05	[97.884, 86.53]	[0.0047640625, 0.0344390625]
R	188	3.5584071156335995e-05	[97.888, 86.6]	[0.004755625, 0.0341609375]
R	189	3.5584071156335995e-05	[97.882, 86.53]	[0.0041534375, 0.0341578125]
R	190	3.5584071156335995e-05	[98.022, 86.53]	[0.0044328125, 0.0340625]
R	191	3.5584071156335995e-05	[97.946, 86.39]	[0.004675625, 0.0346859375]
R	192	3.5584071156335995e-05	[97.904, 86.54]	[0.004898125, 0.0337171875]
R	193	3.5584071156335995e-05	[97.832, 86.49]	[0.00516, 0.033846875]
R	194	3.5584071156335995e-05	[97.986, 86.59]	[0.0041665625, 0.0335828125]
R	195	3.5584071156335995e-05	[97.998, 86.54]	[0.0043709375, 0.03353125]
R	196	3.5584071156335995e-05	[97.922, 86.62]	[0.0045815625, 0.0339109375]
R	197	3.5584071156335995e-05	[98.014, 86.48]	[0.00455625, 0.0342625]
R	198	3.5584071156335995e-05	[97.96, 86.62]	[0.0046015625, 0.033903125]
R	199	1.9999999494757503e-05	[97.864, 86.56]	[0.00453, 0.0342171875]
