L	0	0.0006042170571163297	[53.306, 44.73]	[12.3473075, 14.394809375]
L	1	0.00013133333413861692	[59.802, 49.5]	[10.78849875, 13.494453125]
R	0	3.2349154935218394e-05	[63.066, 51.92]	[9.6931675, 12.1020078125]
R	1	2.0086275981157087e-05	[65.878, 53.19]	[9.04061, 12.093896875]
R	2	4.736240589409135e-05	[67.704, 53.95]	[8.383051875, 11.96645625]
R	3	2.6734836865216494e-05	[68.718, 54.19]	[8.44050125, 12.245484375]
R	4	2.6734836865216494e-05	[69.976, 54.65]	[8.01235, 12.05255625]
R	5	8.518539289070759e-06	[71.39, 55.55]	[7.434683125, 11.36923125]
R	6	8.518539289070759e-06	[71.594, 55.34]	[7.45399625, 11.472915625]
R	7	8.518539289070759e-06	[72.132, 55.67]	[7.28369375, 11.3770390625]
R	8	8.518539289070759e-06	[72.246, 55.32]	[7.2684425, 11.569825]
R	9	8.518539289070759e-06	[72.586, 55.67]	[7.167266875, 11.308221875]
R	10	8.518539289070759e-06	[72.648, 55.6]	[7.236855, 11.4590921875]
R	11	8.518539289070759e-06	[72.8, 55.59]	[7.14421125, 11.3910609375]
R	12	8.518539289070759e-06	[73.008, 55.57]	[7.0717175, 11.4379625]
R	13	8.518539289070759e-06	[73.05, 55.88]	[6.96985125, 11.2846890625]
R	14	8.518539289070759e-06	[73.286, 55.77]	[6.9961075, 11.3203203125]
R	15	8.518539289070759e-06	[73.528, 55.75]	[6.90154875, 11.3659390625]
R	16	8.518539289070759e-06	[73.61, 56.2]	[6.99243125, 11.3566515625]
R	17	8.518539289070759e-06	[73.736, 55.94]	[6.823490625, 11.4176578125]
R	18	8.518539289070759e-06	[74.068, 55.98]	[6.628664375, 11.1120265625]
R	19	8.518539289070759e-06	[74.114, 56.12]	[6.6752975, 11.1356484375]
R	20	8.518539289070759e-06	[74.172, 55.84]	[6.673515625, 11.286078125]
R	21	8.518539289070759e-06	[74.256, 55.93]	[6.7267475, 11.2212765625]
R	22	8.518539289070759e-06	[74.536, 56.09]	[6.72593625, 11.35959375]
R	23	8.518539289070759e-06	[74.512, 55.88]	[6.77153375, 11.4113328125]
R	24	8.518539289070759e-06	[74.966, 55.94]	[6.439749375, 11.2296421875]
R	25	8.518539289070759e-06	[74.794, 56.0]	[6.46539625, 11.157415625]
R	26	8.518539289070759e-06	[74.986, 55.99]	[6.578423125, 11.17563125]
R	27	8.518539289070759e-06	[75.26, 56.08]	[6.48987875, 11.2113609375]
R	28	8.518539289070759e-06	[75.312, 56.0]	[6.35064125, 11.02626875]
R	29	8.518539289070759e-06	[75.374, 55.99]	[6.4260775, 11.292090625]
R	30	8.518539289070759e-06	[75.404, 55.94]	[6.460548125, 11.1458328125]
R	31	8.518539289070759e-06	[75.454, 56.12]	[6.308095, 11.1259875]
R	32	8.518539289070759e-06	[75.516, 55.96]	[6.382995625, 11.0791171875]
R	33	8.518539289070759e-06	[75.848, 56.28]	[6.220025, 11.3064375]
R	34	8.518539289070759e-06	[75.658, 56.18]	[6.332285, 11.10969375]
R	35	8.518539289070759e-06	[75.708, 56.16]	[6.3217325, 11.270109375]
R	36	8.518539289070759e-06	[75.788, 56.16]	[6.30190375, 11.209259375]
R	37	8.518539289070759e-06	[76.104, 56.02]	[6.261953125, 11.2505671875]
R	38	8.518539289070759e-06	[76.316, 56.16]	[6.047986875, 11.06414375]
R	39	8.518539289070759e-06	[76.232, 56.19]	[6.193830625, 11.21205]
R	40	8.518539289070759e-06	[76.37, 56.06]	[6.1796675, 11.1607765625]
R	41	8.518539289070759e-06	[76.202, 56.01]	[6.29582375, 11.3256578125]
R	42	8.518539289070759e-06	[76.378, 56.08]	[6.27579, 11.30855625]
R	43	8.518539289070759e-06	[76.358, 56.06]	[6.1403775, 11.2037828125]
R	44	8.518539289070759e-06	[76.138, 55.85]	[6.23634125, 11.242375]
R	45	8.518539289070759e-06	[76.578, 55.98]	[6.11443875, 11.1502078125]
R	46	8.518539289070759e-06	[76.442, 55.92]	[6.11279125, 11.161703125]
R	47	8.518539289070759e-06	[76.628, 55.9]	[6.097665625, 11.1956265625]
R	48	8.518539289070759e-06	[76.858, 55.99]	[6.06437125, 11.1485359375]
R	49	8.518539289070759e-06	[76.422, 56.22]	[6.17240125, 11.1942390625]
R	50	8.518539289070759e-06	[76.992, 55.94]	[5.828465, 11.10764375]
R	51	8.518539289070759e-06	[76.722, 56.05]	[5.953436875, 11.3845859375]
R	52	8.518539289070759e-06	[76.888, 55.88]	[5.9637475, 11.2109640625]
R	53	8.518539289070759e-06	[76.736, 55.92]	[6.00192375, 11.342028125]
R	54	8.518539289070759e-06	[76.962, 56.05]	[5.951908125, 11.0976109375]
R	55	8.518539289070759e-06	[76.974, 56.1]	[5.968634375, 11.1149234375]
R	56	8.518539289070759e-06	[76.986, 55.75]	[5.9644675, 11.0722609375]
R	57	8.518539289070759e-06	[76.954, 56.03]	[5.905046875, 11.0803375]
R	58	8.518539289070759e-06	[77.128, 55.87]	[5.931775, 11.1357859375]
R	59	8.518539289070759e-06	[77.186, 56.12]	[5.974330625, 11.15048125]
R	60	8.518539289070759e-06	[77.184, 55.97]	[5.94396625, 11.267240625]
R	61	8.518539289070759e-06	[77.368, 56.0]	[5.917785, 11.1456453125]
R	62	8.518539289070759e-06	[77.408, 55.91]	[5.817935, 11.12423125]
R	63	8.518539289070759e-06	[77.398, 56.08]	[5.9407, 11.2825734375]
R	64	8.518539289070759e-06	[77.232, 55.93]	[5.881796875, 11.2614375]
R	65	8.518539289070759e-06	[77.504, 56.03]	[5.9597875, 11.308684375]
R	66	8.518539289070759e-06	[77.334, 55.98]	[5.9049825, 11.2452796875]
R	67	8.518539289070759e-06	[77.414, 56.0]	[5.87010375, 11.2321859375]
R	68	8.518539289070759e-06	[77.378, 56.03]	[5.9187275, 11.15119375]
R	69	8.518539289070759e-06	[77.45, 55.83]	[5.970115625, 11.296440625]
R	70	8.518539289070759e-06	[77.568, 55.83]	[5.754845625, 11.104490625]
R	71	8.518539289070759e-06	[77.826, 55.87]	[5.699881875, 11.2339453125]
R	72	8.518539289070759e-06	[77.956, 55.69]	[5.64224875, 11.194178125]
R	73	8.518539289070759e-06	[77.446, 55.98]	[5.84177375, 11.1324515625]
R	74	8.518539289070759e-06	[77.512, 55.78]	[5.87505, 11.1970421875]
R	75	8.518539289070759e-06	[77.57, 56.1]	[5.809264375, 11.1633140625]
R	76	8.518539289070759e-06	[77.4, 55.94]	[5.900478125, 11.09885625]
R	77	8.518539289070759e-06	[77.796, 55.92]	[5.834945, 11.2568546875]
R	78	8.518539289070759e-06	[77.726, 55.78]	[5.871565, 11.4934375]
R	79	8.518539289070759e-06	[77.638, 55.84]	[5.777375, 11.0766359375]
R	80	8.518539289070759e-06	[77.96, 55.94]	[5.7164375, 11.2249578125]
R	81	8.518539289070759e-06	[78.076, 55.69]	[5.759718125, 11.2654265625]
R	82	8.518539289070759e-06	[78.022, 55.89]	[5.73827875, 11.256559375]
R	83	8.518539289070759e-06	[77.8, 55.75]	[5.88200875, 11.2298046875]
R	84	8.518539289070759e-06	[78.058, 55.83]	[5.76481, 11.2450546875]
R	85	8.518539289070759e-06	[77.92, 55.72]	[5.844196875, 11.4208453125]
R	86	8.518539289070759e-06	[78.012, 55.56]	[5.681066875, 11.222415625]
R	87	8.518539289070759e-06	[77.722, 55.89]	[5.77017625, 11.10453125]
R	88	8.518539289070759e-06	[78.082, 55.7]	[5.80046375, 11.388321875]
R	89	8.518539289070759e-06	[78.162, 55.88]	[5.73530125, 11.2013484375]
R	90	8.518539289070759e-06	[77.924, 56.07]	[5.76241375, 11.03938125]
R	91	8.518539289070759e-06	[78.072, 55.84]	[5.66871875, 11.2291203125]
R	92	8.518539289070759e-06	[78.156, 55.7]	[5.649833125, 11.122615625]
R	93	8.518539289070759e-06	[78.222, 55.7]	[5.6106575, 11.2616875]
R	94	8.518539289070759e-06	[78.206, 55.72]	[5.652084375, 11.179384375]
R	95	8.518539289070759e-06	[78.324, 55.86]	[5.596420625, 11.1139625]
R	96	8.518539289070759e-06	[78.204, 55.9]	[5.6606775, 11.2196875]
R	97	8.518539289070759e-06	[78.27, 56.08]	[5.70553, 11.12219375]
R	98	8.518539289070759e-06	[78.338, 56.07]	[5.5886775, 11.066240625]
R	99	8.518539289070759e-06	[78.448, 55.54]	[5.56823, 11.2307890625]
R	100	8.518539289070759e-06	[78.302, 55.93]	[5.75620125, 11.1637359375]
R	101	8.518539289070759e-06	[78.188, 55.84]	[5.651751875, 11.1829953125]
R	102	8.518539289070759e-06	[78.432, 55.83]	[5.6934825, 11.2853875]
R	103	8.518539289070759e-06	[78.76, 55.84]	[5.556459375, 11.2300875]
R	104	8.518539289070759e-06	[78.538, 55.73]	[5.52292875, 11.1480765625]
R	105	8.518539289070759e-06	[78.458, 55.81]	[5.5603525, 11.1996328125]
R	106	8.518539289070759e-06	[78.72, 55.76]	[5.49949, 11.334334375]
R	107	8.518539289070759e-06	[78.588, 55.85]	[5.512645625, 11.1591375]
R	108	8.518539289070759e-06	[78.276, 55.65]	[5.67606375, 11.3164265625]
R	109	8.518539289070759e-06	[78.496, 55.82]	[5.64790375, 11.2855421875]
R	110	8.518539289070759e-06	[78.51, 55.86]	[5.633314375, 11.348990625]
R	111	8.518539289070759e-06	[78.496, 55.84]	[5.59568125, 11.207503125]
R	112	8.518539289070759e-06	[78.748, 55.86]	[5.47837875, 11.0421390625]
R	113	8.518539289070759e-06	[78.55, 55.73]	[5.61402625, 11.3119484375]
R	114	8.518539289070759e-06	[78.898, 55.72]	[5.46700125, 11.240028125]
R	115	8.518539289070759e-06	[78.562, 55.89]	[5.582349375, 11.2125734375]
R	116	8.518539289070759e-06	[78.806, 55.76]	[5.497718125, 11.1718703125]
R	117	8.518539289070759e-06	[78.558, 56.03]	[5.5924975, 11.0268859375]
R	118	8.518539289070759e-06	[78.772, 55.96]	[5.537684375, 11.064734375]
R	119	8.518539289070759e-06	[78.708, 55.83]	[5.5489525, 11.384903125]
R	120	8.518539289070759e-06	[78.584, 56.09]	[5.54459375, 10.993065625]
R	121	8.518539289070759e-06	[78.584, 56.05]	[5.5711275, 10.98941875]
R	122	8.518539289070759e-06	[78.742, 55.95]	[5.57760375, 11.3109125]
R	123	8.518539289070759e-06	[78.824, 55.95]	[5.60985625, 11.08849375]
R	124	8.518539289070759e-06	[78.716, 55.97]	[5.52796125, 11.0036484375]
R	125	8.518539289070759e-06	[78.826, 55.97]	[5.51133125, 11.161584375]
R	126	8.518539289070759e-06	[78.64, 55.7]	[5.502735625, 11.174340625]
R	127	8.518539289070759e-06	[78.952, 55.8]	[5.489904375, 11.23134375]
R	128	8.518539289070759e-06	[78.8, 55.7]	[5.643969375, 11.0861640625]
R	129	8.518539289070759e-06	[78.826, 55.82]	[5.459368125, 11.1589046875]
R	130	8.518539289070759e-06	[78.862, 55.86]	[5.49227, 11.212796875]
R	131	8.518539289070759e-06	[78.956, 55.81]	[5.57961, 11.502625]
R	132	8.518539289070759e-06	[79.012, 55.84]	[5.3543775, 11.0244015625]
R	133	8.518539289070759e-06	[78.976, 55.94]	[5.43137875, 11.04169375]
R	134	8.518539289070759e-06	[79.022, 56.05]	[5.47530875, 11.205640625]
R	135	8.518539289070759e-06	[78.672, 56.09]	[5.4654775, 11.16618125]
R	136	8.518539289070759e-06	[79.19, 55.9]	[5.48053875, 11.2664109375]
R	137	8.518539289070759e-06	[78.988, 55.9]	[5.51775875, 11.18741875]
R	138	8.518539289070759e-06	[78.868, 55.67]	[5.59235625, 11.260534375]
R	139	8.518539289070759e-06	[79.19, 55.93]	[5.45762875, 11.2691859375]
R	140	8.518539289070759e-06	[79.062, 55.85]	[5.43081625, 11.208853125]
R	141	8.518539289070759e-06	[79.238, 55.79]	[5.47033, 11.3205453125]
R	142	8.518539289070759e-06	[78.746, 55.99]	[5.4444425, 11.039578125]
R	143	8.518539289070759e-06	[79.184, 55.78]	[5.332268125, 11.126146875]
R	144	8.518539289070759e-06	[79.144, 55.96]	[5.403155, 11.2381953125]
R	145	8.518539289070759e-06	[79.13, 55.71]	[5.398294375, 11.30360625]
R	146	8.518539289070759e-06	[79.082, 55.87]	[5.460210625, 11.3153171875]
R	147	8.518539289070759e-06	[78.866, 55.96]	[5.44709, 11.285846875]
R	148	8.518539289070759e-06	[79.24, 55.98]	[5.43212875, 11.195778125]
R	149	8.518539289070759e-06	[79.296, 55.72]	[5.3943875, 11.22920625]
R	150	8.518539289070759e-06	[79.146, 55.86]	[5.41494875, 11.314728125]
R	151	8.518539289070759e-06	[79.302, 55.78]	[5.34853875, 11.183878125]
R	152	8.518539289070759e-06	[79.286, 55.92]	[5.366324375, 11.299565625]
R	153	8.518539289070759e-06	[79.018, 55.89]	[5.511333125, 11.20429375]
R	154	8.518539289070759e-06	[79.24, 55.84]	[5.276591875, 11.11366875]
R	155	8.518539289070759e-06	[79.308, 55.83]	[5.307115, 11.1006359375]
R	156	8.518539289070759e-06	[79.414, 55.83]	[5.375421875, 11.2701171875]
R	157	8.518539289070759e-06	[79.264, 55.82]	[5.43235625, 11.4036703125]
R	158	8.518539289070759e-06	[79.16, 55.8]	[5.35744, 11.0731703125]
R	159	8.518539289070759e-06	[79.234, 55.91]	[5.408734375, 11.261090625]
R	160	8.518539289070759e-06	[79.524, 55.97]	[5.3074725, 11.2667640625]
R	161	8.518539289070759e-06	[79.262, 55.67]	[5.38327875, 11.4859546875]
R	162	8.518539289070759e-06	[79.458, 55.97]	[5.35463625, 11.240146875]
R	163	8.518539289070759e-06	[79.318, 55.83]	[5.34972, 11.17613125]
R	164	8.518539289070759e-06	[79.27, 55.82]	[5.331064375, 11.1018296875]
R	165	8.518539289070759e-06	[79.506, 55.67]	[5.346955, 11.296990625]
R	166	8.518539289070759e-06	[79.332, 55.82]	[5.510990625, 11.364365625]
R	167	8.518539289070759e-06	[79.53, 55.98]	[5.347880625, 11.2926578125]
R	168	8.518539289070759e-06	[79.386, 55.77]	[5.397166875, 11.2086546875]
R	169	8.518539289070759e-06	[79.48, 55.81]	[5.34942625, 11.4064]
R	170	8.518539289070759e-06	[79.406, 55.98]	[5.40254875, 11.240509375]
R	171	8.518539289070759e-06	[79.242, 55.6]	[5.36036375, 11.2692546875]
R	172	8.518539289070759e-06	[79.376, 55.77]	[5.36374, 11.2641921875]
R	173	8.518539289070759e-06	[79.47, 55.85]	[5.322623125, 11.3168453125]
R	174	8.518539289070759e-06	[79.614, 55.9]	[5.253668125, 11.3182578125]
R	175	8.518539289070759e-06	[79.566, 55.73]	[5.1963790625, 11.351175]
R	176	8.518539289070759e-06	[79.58, 55.73]	[5.412086875, 11.3993140625]
R	177	8.518539289070759e-06	[79.424, 55.87]	[5.39387125, 11.379978125]
R	178	8.518539289070759e-06	[79.526, 55.8]	[5.2363253125, 11.231075]
R	179	8.518539289070759e-06	[79.356, 55.47]	[5.34870625, 11.471403125]
R	180	8.518539289070759e-06	[79.67, 55.69]	[5.19996625, 11.2466640625]
R	181	8.518539289070759e-06	[79.498, 55.7]	[5.27591, 11.35954375]
R	182	8.518539289070759e-06	[79.684, 56.03]	[5.28649125, 11.244678125]
R	183	8.518539289070759e-06	[79.584, 55.7]	[5.3087, 11.30289375]
R	184	8.518539289070759e-06	[79.79, 55.62]	[5.1903515625, 11.464446875]
R	185	8.518539289070759e-06	[79.622, 55.84]	[5.3759225, 11.2084765625]
R	186	8.518539289070759e-06	[79.634, 55.94]	[5.366363125, 11.191825]
R	187	8.518539289070759e-06	[79.708, 55.69]	[5.209965, 11.21346875]
R	188	8.518539289070759e-06	[79.77, 55.87]	[5.20521375, 10.952184375]
R	189	8.518539289070759e-06	[79.744, 55.95]	[5.1746821875, 11.22471875]
R	190	8.518539289070759e-06	[79.688, 56.04]	[5.27845875, 11.1359015625]
R	191	8.518539289070759e-06	[79.466, 55.78]	[5.376794375, 11.2492875]
R	192	8.518539289070759e-06	[79.916, 55.93]	[5.3480225, 11.3033140625]
R	193	8.518539289070759e-06	[79.738, 55.8]	[5.231501875, 11.2614171875]
R	194	8.518539289070759e-06	[79.722, 55.84]	[5.254024375, 11.3051171875]
R	195	8.518539289070759e-06	[80.062, 55.78]	[5.0674334375, 11.164609375]
R	196	8.518539289070759e-06	[79.566, 55.74]	[5.256544375, 11.20549375]
R	197	8.518539289070759e-06	[79.776, 55.91]	[5.36109375, 11.269209375]
R	198	8.518539289070759e-06	[79.84, 55.72]	[5.16120125, 11.248959375]
R	199	8.518539289070759e-06	[79.806, 55.94]	[5.228503125, 11.2206375]
