L	0	0.0002941292186733335	[48.546, 41.1]	[14.07277625, 16.0575640625]
L	1	0.0001687172771198675	[58.294, 47.42]	[11.32062875, 14.1538421875]
R	0	6.303936243057251e-05	[64.452, 50.64]	[9.267135, 12.4250734375]
R	1	8.390539733227342e-05	[67.682, 53.09]	[8.4190975, 11.8712890625]
R	2	8.390539733227342e-05	[69.06, 53.17]	[7.98351625, 11.762475]
R	3	5.730851262342185e-05	[70.95, 53.91]	[7.454623125, 11.763940625]
R	4	6.934330303920433e-05	[71.562, 54.34]	[7.51702, 12.042703125]
R	5	4.736240589409135e-05	[72.542, 54.14]	[7.04807, 11.806325]
R	6	8.390539733227342e-05	[73.624, 54.44]	[6.89763, 11.7168171875]
R	7	4.3056727008661255e-05	[74.024, 54.42]	[6.7459975, 11.4908734375]
R	8	4.3056727008661255e-05	[73.76, 54.54]	[7.04085875, 11.9167828125]
R	9	5.209864684729837e-05	[74.6, 54.69]	[6.7178625, 12.0193171875]
R	10	5.209864684729837e-05	[75.506, 54.65]	[6.2060125, 11.6064234375]
R	11	0.00011167808406753466	[75.168, 54.49]	[6.53112375, 11.7281953125]
R	12	6.934330303920433e-05	[75.478, 54.8]	[6.27698625, 11.3047671875]
R	13	9.229593706550077e-05	[75.34, 54.71]	[6.4473275, 11.8460765625]
R	14	0.0001228459004778415	[75.682, 54.67]	[6.18082125, 11.3869765625]
R	15	9.229593706550077e-05	[75.62, 54.25]	[6.074513125, 11.2239265625]
R	16	5.209864684729837e-05	[76.064, 55.03]	[6.125838125, 11.318225]
R	17	4.3056727008661255e-05	[76.142, 54.93]	[6.1871225, 11.5401421875]
R	18	6.934330303920433e-05	[76.536, 54.75]	[5.96723375, 11.4906671875]
R	19	7.6277632615529e-05	[75.972, 54.57]	[6.462936875, 12.094615625]
R	20	3.9142480090959e-05	[76.334, 54.74]	[6.09747125, 11.6582015625]
R	21	7.6277632615529e-05	[76.982, 54.83]	[5.9867425, 11.6902609375]
R	22	9.229593706550077e-05	[76.448, 54.55]	[6.03799125, 11.4332234375]
R	23	8.390539733227342e-05	[77.186, 54.79]	[5.90365375, 11.1455640625]
R	24	4.3056727008661255e-05	[76.55, 54.47]	[5.965925, 11.5191484375]
R	25	5.209864684729837e-05	[76.562, 54.79]	[5.9989325, 11.3495484375]
R	26	5.730851262342185e-05	[76.598, 54.48]	[6.039825, 11.37969375]
R	27	6.934330303920433e-05	[76.46, 54.63]	[6.022810625, 11.5453328125]
R	28	5.730851262342185e-05	[76.73, 54.34]	[6.1177125, 11.836896875]
R	29	6.303936243057251e-05	[77.368, 55.19]	[5.953305, 11.3944078125]
R	30	2.6734836865216494e-05	[77.316, 54.8]	[5.801371875, 11.436465625]
R	31	6.934330303920433e-05	[77.19, 54.78]	[6.03496, 11.592815625]
R	32	8.390539733227342e-05	[77.03, 54.91]	[6.14159, 11.55535625]
R	33	4.736240589409135e-05	[76.538, 54.36]	[5.98655125, 11.5981125]
R	34	3.5584071156335995e-05	[77.498, 54.63]	[5.86421, 11.5886734375]
R	35	6.934330303920433e-05	[76.84, 54.25]	[6.23383625, 12.0863171875]
R	36	6.934330303920433e-05	[77.292, 54.97]	[5.930385, 11.381328125]
R	37	6.303936243057251e-05	[77.736, 54.93]	[5.800055625, 11.5768109375]
R	38	5.209864684729837e-05	[76.674, 54.4]	[5.9594925, 11.2404828125]
R	39	6.303936243057251e-05	[77.666, 54.62]	[5.84089875, 11.3879078125]
R	40	2.9408322006929666e-05	[77.724, 55.15]	[5.8109425, 11.446453125]
R	41	2.9408322006929666e-05	[77.326, 54.86]	[5.759961875, 11.3834265625]
R	42	6.934330303920433e-05	[77.178, 54.74]	[5.93059125, 11.4295265625]
R	43	5.730851262342185e-05	[77.842, 54.92]	[5.77411625, 11.4347859375]
R	44	6.303936243057251e-05	[77.626, 54.62]	[5.854265, 11.438115625]
R	45	0.00010152552567888051	[77.048, 54.47]	[5.938028125, 11.293528125]
R	46	3.9142480090959e-05	[77.38, 54.54]	[5.96386875, 11.8016828125]
R	47	7.6277632615529e-05	[77.91, 55.2]	[5.81078625, 11.405621875]
R	48	4.3056727008661255e-05	[77.68, 54.91]	[5.922028125, 11.375053125]
R	49	5.730851262342185e-05	[77.74, 54.94]	[5.77907125, 11.6261125]
R	50	2.6049323423649184e-05	[78.272, 54.95]	[5.6667, 11.2929453125]
R	51	1.215219799632905e-05	[78.368, 55.09]	[5.78049375, 11.5356484375]
R	52	2.3681202947045676e-05	[78.194, 55.23]	[5.779626875, 11.57318125]
R	53	2.1528363504330628e-05	[78.206, 55.13]	[5.637355, 11.28444375]
R	54	1.215219799632905e-05	[78.494, 55.2]	[5.38472625, 11.26094375]
R	55	4.195269866613671e-05	[78.42, 54.98]	[5.58956, 11.3540484375]
R	56	2.6049323423649184e-05	[78.33, 55.01]	[5.618109375, 11.3540765625]
R	57	2.6049323423649184e-05	[78.488, 54.93]	[5.6242575, 11.3829125]
R	58	2.6049323423649184e-05	[78.18, 55.04]	[5.708690625, 11.4202796875]
R	59	2.8654256311710924e-05	[78.538, 55.0]	[5.61349, 11.5205125]
R	60	3.4671651519602165e-05	[78.288, 54.89]	[5.647404375, 11.4430890625]
R	61	2.8654256311710924e-05	[78.42, 55.36]	[5.64989, 11.3654703125]
R	62	1.95712400454795e-05	[78.682, 55.26]	[5.49418625, 11.4325453125]
R	63	3.81388163077645e-05	[78.338, 55.09]	[5.507305625, 11.1656]
R	64	2.8654256311710924e-05	[78.612, 55.05]	[5.62833875, 11.510853125]
R	65	3.81388163077645e-05	[78.31, 55.16]	[5.682885, 11.4242015625]
R	66	3.1519681215286255e-05	[78.236, 54.8]	[5.6346125, 11.4170109375]
R	67	2.1528363504330628e-05	[78.64, 55.02]	[5.54665, 11.31554375]
R	68	3.81388163077645e-05	[78.706, 55.07]	[5.536340625, 11.2158390625]
R	69	4.195269866613671e-05	[78.484, 54.78]	[5.45232375, 11.5212875]
R	70	6.142295023892075e-05	[78.358, 55.37]	[5.68917625, 11.4444609375]
R	71	3.81388163077645e-05	[78.752, 55.05]	[5.5187475, 11.4251296875]
R	72	1.215219799632905e-05	[78.502, 55.02]	[5.696250625, 11.4446421875]
R	73	3.81388163077645e-05	[78.304, 55.04]	[5.58802, 11.3123875]
R	74	2.3681202947045676e-05	[78.5, 55.18]	[5.556550625, 11.5392328125]
R	75	1.3024661711824592e-05	[79.122, 55.13]	[5.451501875, 11.3984140625]
R	76	1.3024661711824592e-05	[78.7, 54.91]	[5.41568875, 11.38309375]
R	77	1.906940815388225e-05	[78.954, 55.18]	[5.507776875, 11.3233515625]
R	78	1.0764181752165314e-05	[78.898, 55.27]	[5.48253125, 11.306871875]
R	79	9.78562002273975e-06	[78.952, 55.31]	[5.561109375, 11.2696875]
R	80	1.1840601473522838e-05	[78.618, 55.28]	[5.60988, 11.383815625]
R	81	1.7335825759801082e-05	[79.054, 55.14]	[5.457755625, 11.3422921875]
R	82	2.307398426637519e-05	[78.862, 55.0]	[5.43467625, 11.5469765625]
R	83	1.906940815388225e-05	[78.722, 55.24]	[5.487596875, 11.4090921875]
R	84	1.1840601473522838e-05	[79.058, 55.38]	[5.532055625, 11.465615625]
R	85	1.906940815388225e-05	[79.004, 55.17]	[5.439054375, 11.3720390625]
R	86	8.087288733804598e-06	[78.874, 55.22]	[5.5379475, 11.4899953125]
R	87	9.78562002273975e-06	[78.928, 55.13]	[5.3972375, 11.2762375]
R	88	2.0976349333068356e-05	[78.834, 55.08]	[5.5918075, 11.4083984375]
R	89	8.896017789083999e-06	[79.018, 55.02]	[5.48089125, 11.56623125]
R	90	1.4327128155855462e-05	[79.148, 55.35]	[5.3732075, 11.2943875]
R	91	1.4327128155855462e-05	[78.97, 55.3]	[5.4786325, 11.3446453125]
R	92	2.0976349333068356e-05	[78.832, 55.1]	[5.551831875, 11.459615625]
R	93	1.5759840607643127e-05	[78.996, 55.39]	[5.507600625, 11.4578984375]
R	94	2.0976349333068356e-05	[78.992, 55.14]	[5.47403375, 11.48786875]
R	95	1.1840601473522838e-05	[78.714, 55.26]	[5.46740125, 11.267425]
R	96	1.3024661711824592e-05	[79.094, 55.36]	[5.5733625, 11.50724375]
R	97	1.5759840607643127e-05	[78.878, 55.35]	[5.586365625, 11.4559796875]
R	98	9.229593160853256e-06	[79.232, 55.37]	[5.497419375, 11.343046875]
R	99	1.0419728369015502e-06	[79.316, 55.35]	[5.334731875, 11.476103125]
