L	0	0.0002845585986506194	[55.424, 45.48]	[12.02043, 14.601465625]
L	1	0.00021841491980012506	[61.79, 49.9]	[9.97536875, 13.1486890625]
R	0	0.00010152552567888051	[67.298, 52.62]	[8.650924375, 12.2328578125]
R	1	8.390539733227342e-05	[69.534, 53.74]	[7.961161875, 12.018159375]
R	2	5.730851262342185e-05	[71.49, 53.86]	[7.35929875, 11.716090625]
R	3	0.00010152552567888051	[72.34, 54.61]	[7.28590125, 11.8728]
R	4	4.736240589409135e-05	[72.876, 54.06]	[7.2019525, 11.8680875]
R	5	5.730851262342185e-05	[74.356, 55.02]	[6.58843875, 11.622803125]
R	6	6.303936243057251e-05	[74.374, 54.45]	[6.5981025, 11.6500375]
R	7	7.6277632615529e-05	[75.274, 54.95]	[6.44258375, 11.645271875]
R	8	6.303936243057251e-05	[75.76, 55.12]	[6.320515, 11.7088109375]
R	9	8.390539733227342e-05	[75.25, 54.81]	[6.36209875, 11.491340625]
R	10	0.00011167808406753466	[76.102, 54.39]	[6.24113125, 11.5987484375]
R	11	4.3056727008661255e-05	[76.284, 54.85]	[6.12353125, 11.6118734375]
R	12	6.934330303920433e-05	[75.612, 54.22]	[6.266338125, 11.5375796875]
R	13	6.934330303920433e-05	[76.484, 54.66]	[5.954825, 11.3760828125]
R	14	6.934330303920433e-05	[76.464, 54.66]	[6.2972025, 11.5646625]
R	15	3.5584071156335995e-05	[76.95, 54.87]	[6.03828375, 11.44301875]
R	16	5.730851262342185e-05	[77.17, 54.96]	[5.9060875, 11.42616875]
R	17	8.390539733227342e-05	[76.728, 54.92]	[6.072115625, 11.431115625]
R	18	5.730851262342185e-05	[76.746, 54.77]	[5.93983625, 11.38978125]
R	19	4.736240589409135e-05	[77.266, 54.84]	[6.11276, 11.64028125]
R	20	3.9142480090959e-05	[76.592, 54.75]	[5.87397, 11.338246875]
R	21	6.934330303920433e-05	[77.024, 54.7]	[5.912985, 11.418921875]
R	22	6.934330303920433e-05	[76.952, 54.87]	[5.943713125, 11.3589875]
R	23	5.730851262342185e-05	[77.076, 54.79]	[5.88158625, 11.3466078125]
R	24	6.934330303920433e-05	[77.332, 54.66]	[5.9791175, 11.6695703125]
R	25	8.390539733227342e-05	[77.194, 54.97]	[5.881044375, 11.4237265625]
R	26	6.934330303920433e-05	[77.484, 54.85]	[5.723555, 11.2222109375]
R	27	6.934330303920433e-05	[77.502, 55.09]	[5.75376875, 11.1274921875]
R	28	9.229593706550077e-05	[77.422, 54.71]	[6.03890125, 11.67476875]
R	29	5.730851262342185e-05	[77.266, 54.54]	[5.891964375, 11.7699421875]
R	30	0.00011167808406753466	[77.112, 54.18]	[6.021665, 11.973475]
R	31	3.5584071156335995e-05	[77.478, 54.75]	[5.875743125, 11.5973375]
R	32	3.9142480090959e-05	[77.89, 55.01]	[5.94423125, 11.5290625]
R	33	6.303936243057251e-05	[77.994, 54.52]	[5.90098375, 11.5750671875]
R	34	3.5584071156335995e-05	[77.914, 54.75]	[5.74649375, 11.202203125]
R	35	7.6277632615529e-05	[77.756, 54.25]	[5.7336325, 11.592578125]
R	36	6.934330303920433e-05	[77.18, 54.3]	[5.8545975, 11.820603125]
R	37	5.730851262342185e-05	[77.986, 54.83]	[5.734246875, 11.4570796875]
R	38	5.209864684729837e-05	[77.646, 54.75]	[5.9013325, 11.6679796875]
R	39	6.934330303920433e-05	[77.732, 54.71]	[5.83498125, 11.43146875]
R	40	5.209864684729837e-05	[77.808, 54.28]	[5.70241, 11.7124859375]
R	41	3.5584071156335995e-05	[77.068, 54.31]	[5.87153, 11.2919953125]
R	42	5.209864684729837e-05	[77.86, 54.63]	[5.4724425, 11.3985703125]
R	43	5.730851262342185e-05	[77.742, 54.69]	[5.814525625, 11.33234375]
R	44	5.209864684729837e-05	[78.16, 54.86]	[5.660021875, 11.587396875]
R	45	5.730851262342185e-05	[77.714, 54.23]	[5.790845, 11.7024375]
R	46	5.209864684729837e-05	[77.272, 53.94]	[5.904379375, 11.598640625]
R	47	8.390539733227342e-05	[78.124, 54.72]	[5.6431525, 11.3360234375]
R	48	6.303936243057251e-05	[78.374, 54.83]	[5.74979875, 11.5702171875]
R	49	4.3056727008661255e-05	[78.262, 54.62]	[5.71947, 11.705503125]
R	50	2.8654256311710924e-05	[78.678, 55.11]	[5.67032125, 11.283515625]
R	51	4.195269866613671e-05	[78.762, 54.97]	[5.56061375, 11.2887375]
R	52	4.195269866613671e-05	[78.928, 54.83]	[5.525725, 11.5528796875]
R	53	3.81388163077645e-05	[78.98, 54.95]	[5.463689375, 11.376653125]
R	54	2.6049323423649184e-05	[78.704, 54.71]	[5.44595, 11.555646875]
R	55	2.8654256311710924e-05	[78.736, 54.91]	[5.42462875, 11.31973125]
R	56	4.195269866613671e-05	[78.716, 55.12]	[5.571900625, 11.32356875]
R	57	5.0762762839440256e-05	[78.538, 55.1]	[5.59118375, 11.2924921875]
R	58	4.195269866613671e-05	[78.864, 55.08]	[5.510895625, 11.2605140625]
R	59	2.6049323423649184e-05	[78.778, 54.9]	[5.57013375, 11.6178890625]
R	60	4.614796853275038e-05	[78.974, 55.25]	[5.392011875, 11.1884328125]
R	61	4.614796853275038e-05	[78.768, 55.06]	[5.618186875, 11.39100625]
R	62	4.195269866613671e-05	[78.944, 55.23]	[5.616331875, 11.440134375]
R	63	3.4671651519602165e-05	[78.85, 55.41]	[5.464808125, 11.277946875]
R	64	3.4671651519602165e-05	[78.788, 55.07]	[5.62874875, 11.433765625]
R	65	3.1519681215286255e-05	[79.052, 54.87]	[5.45093875, 11.3839109375]
R	66	4.614796853275038e-05	[78.728, 54.85]	[5.42273, 11.477953125]
R	67	3.81388163077645e-05	[78.84, 54.85]	[5.5715875, 11.4708078125]
R	68	2.6049323423649184e-05	[78.91, 55.03]	[5.51019375, 11.419440625]
R	69	2.6049323423649184e-05	[78.874, 54.78]	[5.50393125, 11.3352328125]
R	70	1.95712400454795e-05	[78.75, 54.85]	[5.50658375, 11.5175734375]
R	71	2.8654256311710924e-05	[78.798, 55.03]	[5.47865625, 11.3226234375]
R	72	3.4671651519602165e-05	[78.91, 54.72]	[5.502955625, 11.429809375]
R	73	3.4671651519602165e-05	[79.106, 54.93]	[5.381858125, 11.3224546875]
R	74	1.95712400454795e-05	[78.952, 54.88]	[5.46847125, 11.2757703125]
R	75	1.0764181752165314e-05	[79.178, 55.17]	[5.414380625, 11.3662140625]
R	76	9.78562002273975e-06	[79.306, 55.35]	[5.43714375, 11.2883796875]
R	77	2.5381381419720128e-05	[79.304, 55.27]	[5.349258125, 11.37649375]
R	78	1.4327128155855462e-05	[79.27, 55.21]	[5.48340625, 11.412128125]
R	79	2.0976349333068356e-05	[79.098, 55.32]	[5.5446975, 11.32985625]
R	80	8.896017789083999e-06	[79.534, 55.15]	[5.33034875, 11.3676921875]
R	81	2.7919521016883664e-05	[79.548, 55.07]	[5.37157625, 11.4368390625]
R	82	8.896017789083999e-06	[79.278, 55.07]	[5.403655, 11.35143125]
R	83	2.5381381419720128e-05	[79.398, 55.17]	[5.33179875, 11.38240625]
R	84	2.0976349333068356e-05	[79.382, 55.21]	[5.456075, 11.2889640625]
R	85	3.0711475119460374e-05	[79.502, 55.42]	[5.2914, 11.488821875]
R	86	2.5381381419720128e-05	[79.316, 55.21]	[5.447695, 11.5010609375]
R	87	1.3024661711824592e-05	[79.424, 55.13]	[5.407458125, 11.400415625]
R	88	1.5759840607643127e-05	[79.4, 55.21]	[5.4281775, 11.4721734375]
R	89	2.307398426637519e-05	[79.222, 55.36]	[5.495283125, 11.312909375]
R	90	2.307398426637519e-05	[79.534, 55.27]	[5.327853125, 11.405753125]
R	91	2.307398426637519e-05	[79.474, 55.05]	[5.363304375, 11.3634]
R	92	1.5759840607643127e-05	[79.646, 55.08]	[5.28871875, 11.331375]
R	93	9.78562002273975e-06	[79.438, 55.26]	[5.389163125, 11.40091875]
R	94	2.5381381419720128e-05	[79.316, 55.3]	[5.4376, 11.361096875]
R	95	3.378262044861913e-05	[79.714, 55.38]	[5.2178953125, 11.0129125]
R	96	1.7335825759801082e-05	[79.572, 55.08]	[5.367565, 11.45445625]
R	97	1.7335825759801082e-05	[79.468, 55.04]	[5.38578, 11.45525]
R	98	6.303936061158311e-06	[79.512, 55.22]	[5.28377375, 11.29923125]
R	99	7.11681366283301e-07	[79.924, 55.21]	[5.27521375, 11.3844671875]
