L	0	0.001131539698690176	[13.708, 15.93]	[24.5621075, 22.6356578125]
L	1	0.00033768019056878984	[18.116, 19.55]	[21.1898975, 21.06778125]
R	0	8.390539733227342e-05	[21.806, 23.86]	[20.6273225, 20.392725]
R	1	0.00010152552567888051	[23.858, 26.19]	[18.9091125, 18.0818625]
R	2	3.5584071156335995e-05	[25.732, 28.53]	[19.61224375, 19.343840625]
R	3	0.00011167808406753466	[27.158, 29.96]	[19.28284125, 18.5939203125]
R	4	4.736240589409135e-05	[28.532, 31.5]	[19.3521625, 18.4595390625]
R	5	1.5091115528775845e-05	[29.924, 32.78]	[18.77737, 17.731175]
R	6	1.5091115528775845e-05	[30.178, 33.15]	[18.43780875, 17.384140625]
R	7	1.5091115528775845e-05	[30.44, 33.18]	[18.19766125, 17.3661109375]
R	8	1.5091115528775845e-05	[30.606, 33.33]	[18.15904, 17.3718984375]
R	9	1.5091115528775845e-05	[30.852, 33.3]	[18.4543075, 17.75111875]
R	10	1.5091115528775845e-05	[31.014, 33.8]	[18.18209, 17.335403125]
R	11	1.5091115528775845e-05	[31.444, 33.96]	[18.07274375, 17.30486875]
R	12	1.5091115528775845e-05	[31.438, 34.07]	[18.30223125, 17.3199875]
R	13	1.5091115528775845e-05	[31.49, 34.08]	[18.087385, 17.296684375]
R	14	1.5091115528775845e-05	[31.518, 34.52]	[18.29964375, 17.3556921875]
R	15	1.5091115528775845e-05	[31.866, 34.51]	[17.758465, 17.2184703125]
R	16	1.5091115528775845e-05	[32.148, 34.48]	[17.79924625, 17.18650625]
R	17	1.5091115528775845e-05	[32.052, 34.81]	[18.007035, 17.4082734375]
R	18	1.5091115528775845e-05	[32.202, 35.02]	[17.987365, 17.1921921875]
R	19	1.5091115528775845e-05	[32.41, 35.12]	[17.9537825, 17.1430125]
R	20	1.5091115528775845e-05	[32.592, 35.13]	[17.85144625, 17.2721625]
R	21	1.5091115528775845e-05	[32.654, 35.38]	[17.70555875, 17.331628125]
R	22	1.5091115528775845e-05	[32.818, 35.5]	[17.6293725, 17.19790625]
R	23	1.5091115528775845e-05	[33.06, 35.38]	[17.7144125, 17.209696875]
R	24	1.5091115528775845e-05	[32.93, 35.81]	[17.73796375, 17.1334515625]
R	25	1.5091115528775845e-05	[33.406, 35.81]	[17.62214625, 17.231753125]
R	26	1.5091115528775845e-05	[33.38, 35.95]	[17.83971, 17.0537953125]
R	27	1.5091115528775845e-05	[33.586, 36.07]	[17.3012875, 16.8366921875]
R	28	1.5091115528775845e-05	[33.5, 36.22]	[17.6367075, 16.812140625]
R	29	1.5091115528775845e-05	[33.702, 36.54]	[17.58839375, 16.7891703125]
R	30	1.5091115528775845e-05	[33.902, 36.63]	[17.32221875, 16.7383953125]
R	31	1.5091115528775845e-05	[33.944, 36.65]	[17.50798125, 16.890040625]
R	32	1.5091115528775845e-05	[34.27, 36.78]	[17.5807175, 16.9863578125]
R	33	1.5091115528775845e-05	[34.068, 36.82]	[17.34215, 16.76335625]
R	34	1.5091115528775845e-05	[34.256, 36.92]	[17.36993375, 16.6738953125]
R	35	1.5091115528775845e-05	[34.46, 36.98]	[17.10431125, 16.7478109375]
R	36	1.5091115528775845e-05	[34.756, 37.43]	[17.09237, 16.434578125]
R	37	1.5091115528775845e-05	[34.702, 37.42]	[17.1766475, 16.6300359375]
R	38	1.5091115528775845e-05	[34.582, 37.26]	[17.21713, 16.6903328125]
R	39	1.5091115528775845e-05	[34.834, 37.27]	[17.22488, 16.6685828125]
R	40	1.5091115528775845e-05	[35.192, 37.45]	[17.24296125, 16.74005]
R	41	1.5091115528775845e-05	[35.23, 37.74]	[17.14966, 16.6155703125]
R	42	1.5091115528775845e-05	[34.93, 37.76]	[17.12499625, 16.5511328125]
R	43	1.5091115528775845e-05	[35.214, 37.63]	[17.18633375, 16.7468265625]
R	44	1.5091115528775845e-05	[35.416, 37.94]	[17.0280225, 16.286534375]
R	45	1.5091115528775845e-05	[35.444, 37.99]	[17.14575125, 16.5159546875]
R	46	1.5091115528775845e-05	[35.584, 38.18]	[16.90911, 16.457428125]
R	47	1.5091115528775845e-05	[35.566, 38.2]	[17.05965875, 16.35655625]
R	48	1.5091115528775845e-05	[35.688, 38.21]	[16.92611, 16.33883125]
R	49	1.5091115528775845e-05	[35.958, 38.47]	[17.06192, 16.393721875]
R	50	1.5091115528775845e-05	[35.852, 38.57]	[16.71217375, 16.295578125]
R	51	1.5091115528775845e-05	[36.064, 38.68]	[17.15522875, 16.524384375]
R	52	1.5091115528775845e-05	[35.968, 38.82]	[16.95344375, 16.2494390625]
R	53	1.5091115528775845e-05	[36.16, 38.62]	[16.73104625, 16.1305484375]
R	54	1.5091115528775845e-05	[36.264, 38.7]	[16.904525, 16.1536015625]
R	55	1.5091115528775845e-05	[36.262, 38.93]	[17.04153125, 16.2907078125]
R	56	1.5091115528775845e-05	[36.356, 39.08]	[16.785595, 16.132015625]
R	57	1.5091115528775845e-05	[36.664, 39.05]	[16.82625625, 16.2441296875]
R	58	1.5091115528775845e-05	[36.368, 39.16]	[16.72715875, 15.954559375]
R	59	1.5091115528775845e-05	[36.798, 39.28]	[16.71155, 16.1088953125]
R	60	1.5091115528775845e-05	[36.706, 39.46]	[16.794695, 16.01276875]
R	61	1.5091115528775845e-05	[36.808, 39.37]	[16.7457175, 16.116434375]
R	62	1.5091115528775845e-05	[37.008, 39.29]	[16.85159375, 16.2579765625]
R	63	1.5091115528775845e-05	[36.592, 39.65]	[17.126575, 16.2490984375]
R	64	1.5091115528775845e-05	[36.606, 39.31]	[16.7005775, 16.00830625]
R	65	1.5091115528775845e-05	[36.822, 39.58]	[16.6247425, 15.806284375]
R	66	1.5091115528775845e-05	[37.114, 39.47]	[16.78059375, 16.0233]
R	67	1.5091115528775845e-05	[37.012, 39.45]	[17.10123875, 16.2301859375]
R	68	1.5091115528775845e-05	[37.354, 39.79]	[16.55261875, 15.8263078125]
R	69	1.5091115528775845e-05	[37.264, 40.0]	[16.96084375, 15.8052015625]
R	70	1.5091115528775845e-05	[37.406, 40.04]	[16.524455, 15.733409375]
R	71	1.5091115528775845e-05	[37.586, 39.81]	[16.6171975, 15.8164953125]
R	72	1.5091115528775845e-05	[37.626, 39.93]	[16.35469125, 15.7149671875]
R	73	1.5091115528775845e-05	[37.554, 40.15]	[16.5461775, 15.7547125]
R	74	1.5091115528775845e-05	[37.652, 40.29]	[16.77742875, 15.7939421875]
R	75	1.5091115528775845e-05	[37.714, 40.36]	[16.48155625, 15.7252359375]
R	76	1.5091115528775845e-05	[37.764, 40.26]	[16.21465125, 15.5762359375]
R	77	1.5091115528775845e-05	[37.938, 40.31]	[16.52134125, 15.4798875]
R	78	1.5091115528775845e-05	[37.72, 40.26]	[16.48029875, 15.6061984375]
R	79	1.5091115528775845e-05	[37.864, 40.34]	[16.46644875, 15.7037890625]
R	80	1.5091115528775845e-05	[37.9, 40.61]	[16.24745625, 15.282440625]
R	81	1.5091115528775845e-05	[38.094, 40.67]	[16.444865, 15.6643828125]
R	82	1.5091115528775845e-05	[38.452, 40.74]	[16.30619125, 15.6656109375]
R	83	1.5091115528775845e-05	[38.024, 40.37]	[16.52365625, 15.671765625]
R	84	1.5091115528775845e-05	[38.344, 40.81]	[16.36625, 15.679484375]
R	85	1.5091115528775845e-05	[38.388, 40.78]	[16.3265425, 15.8108234375]
R	86	1.5091115528775845e-05	[38.632, 40.83]	[16.38276125, 15.650240625]
R	87	1.5091115528775845e-05	[38.254, 40.96]	[16.25082125, 15.40425]
R	88	1.5091115528775845e-05	[38.324, 40.83]	[16.4503, 15.8954796875]
R	89	1.5091115528775845e-05	[38.592, 41.04]	[16.6123, 15.75301875]
R	90	1.5091115528775845e-05	[38.914, 41.22]	[16.3058675, 15.4487515625]
R	91	1.5091115528775845e-05	[38.584, 40.85]	[16.35101625, 15.629040625]
R	92	1.5091115528775845e-05	[38.782, 41.1]	[16.27895625, 15.4203609375]
R	93	1.5091115528775845e-05	[38.724, 40.98]	[16.38587625, 15.57526875]
R	94	1.5091115528775845e-05	[38.894, 41.18]	[16.27378125, 15.5532609375]
R	95	1.5091115528775845e-05	[38.768, 41.3]	[16.50704375, 15.6945578125]
R	96	1.5091115528775845e-05	[38.826, 41.29]	[16.1605875, 15.3987859375]
R	97	1.5091115528775845e-05	[39.056, 41.11]	[15.92264875, 15.4083109375]
R	98	1.5091115528775845e-05	[39.02, 41.37]	[16.18672875, 15.3700390625]
R	99	1.5091115528775845e-05	[39.072, 41.22]	[16.18878875, 15.537034375]
R	100	1.5091115528775845e-05	[39.218, 41.01]	[16.30840875, 15.464403125]
R	101	1.5091115528775845e-05	[39.174, 41.23]	[16.4652975, 15.5004234375]
R	102	1.5091115528775845e-05	[39.252, 41.36]	[16.3247225, 15.447165625]
R	103	1.5091115528775845e-05	[39.406, 41.42]	[16.283215, 15.4198015625]
R	104	1.5091115528775845e-05	[39.59, 41.54]	[15.963655, 15.546378125]
R	105	1.5091115528775845e-05	[39.488, 41.42]	[16.13581125, 15.3533890625]
R	106	1.5091115528775845e-05	[39.276, 41.58]	[16.3323025, 15.3273625]
R	107	1.5091115528775845e-05	[39.336, 41.68]	[15.74961625, 14.9427765625]
R	108	1.5091115528775845e-05	[39.36, 41.48]	[15.9920275, 15.2165625]
R	109	1.5091115528775845e-05	[39.546, 41.52]	[16.12930625, 15.3360203125]
R	110	1.5091115528775845e-05	[39.36, 41.7]	[15.79167, 15.2105703125]
R	111	1.5091115528775845e-05	[39.734, 41.61]	[16.14535125, 15.2715328125]
R	112	1.5091115528775845e-05	[39.926, 41.85]	[16.348635, 15.351553125]
R	113	1.5091115528775845e-05	[39.884, 41.97]	[15.85063875, 15.0402421875]
R	114	1.5091115528775845e-05	[39.87, 41.7]	[16.25338375, 15.4165125]
R	115	1.5091115528775845e-05	[39.758, 41.6]	[16.12395875, 15.39855625]
R	116	1.5091115528775845e-05	[39.91, 41.94]	[16.00283125, 15.246471875]
R	117	1.5091115528775845e-05	[39.918, 42.03]	[15.96303125, 15.1904546875]
R	118	1.5091115528775845e-05	[40.028, 41.65]	[15.9197, 15.13888125]
R	119	1.5091115528775845e-05	[39.838, 41.82]	[16.0351525, 15.2024046875]
R	120	1.5091115528775845e-05	[40.016, 41.85]	[16.12380875, 15.3123578125]
R	121	1.5091115528775845e-05	[40.124, 41.91]	[15.8725925, 15.1522609375]
R	122	1.5091115528775845e-05	[40.07, 42.23]	[15.86721625, 15.1050109375]
R	123	1.5091115528775845e-05	[40.404, 42.16]	[15.86310875, 15.270271875]
R	124	1.5091115528775845e-05	[40.052, 42.13]	[15.882225, 15.149284375]
R	125	1.5091115528775845e-05	[40.162, 42.26]	[15.9686975, 15.09090625]
R	126	1.5091115528775845e-05	[40.558, 42.29]	[16.03049625, 15.1244828125]
R	127	1.5091115528775845e-05	[40.472, 42.44]	[15.80887, 15.058271875]
R	128	1.5091115528775845e-05	[40.474, 42.52]	[15.47243125, 14.9487921875]
R	129	1.5091115528775845e-05	[40.41, 42.11]	[16.0579025, 15.1743015625]
R	130	1.5091115528775845e-05	[40.758, 42.27]	[15.620265, 14.9885984375]
R	131	1.5091115528775845e-05	[40.478, 42.54]	[15.7239675, 14.835803125]
R	132	1.5091115528775845e-05	[40.284, 42.38]	[15.93867875, 15.2773296875]
R	133	1.5091115528775845e-05	[40.596, 42.72]	[15.692305, 15.0827890625]
R	134	1.5091115528775845e-05	[40.788, 42.32]	[15.67396375, 14.95659375]
R	135	1.5091115528775845e-05	[40.546, 42.37]	[15.6948325, 15.0919734375]
R	136	1.5091115528775845e-05	[40.642, 42.6]	[15.84955375, 15.271821875]
R	137	1.5091115528775845e-05	[40.88, 42.52]	[15.5492475, 14.907678125]
R	138	1.5091115528775845e-05	[40.588, 42.71]	[15.757055, 14.7652203125]
R	139	1.5091115528775845e-05	[41.008, 42.74]	[15.51478875, 14.8632953125]
R	140	1.5091115528775845e-05	[40.988, 42.81]	[15.63138375, 14.9402734375]
R	141	1.5091115528775845e-05	[41.054, 42.71]	[15.927665, 15.1679640625]
R	142	1.5091115528775845e-05	[40.978, 42.68]	[15.73334125, 15.1336078125]
R	143	1.5091115528775845e-05	[41.216, 42.69]	[15.84061, 15.130109375]
R	144	1.5091115528775845e-05	[41.068, 42.95]	[15.5873975, 14.9331796875]
R	145	1.5091115528775845e-05	[41.344, 42.89]	[15.48336125, 14.8551296875]
R	146	1.5091115528775845e-05	[41.26, 43.03]	[15.6576875, 15.0028375]
R	147	1.5091115528775845e-05	[41.146, 42.91]	[15.67659625, 14.9263234375]
R	148	1.5091115528775845e-05	[41.366, 43.11]	[15.47695875, 14.62385]
R	149	1.5091115528775845e-05	[41.428, 42.91]	[15.48579375, 14.653865625]
R	150	1.5091115528775845e-05	[41.274, 42.79]	[15.37884875, 14.70375625]
R	151	1.5091115528775845e-05	[41.468, 43.1]	[15.77413375, 14.8448453125]
R	152	1.5091115528775845e-05	[41.572, 43.04]	[15.73863875, 14.8625234375]
R	153	1.5091115528775845e-05	[41.162, 42.8]	[15.67342875, 14.938375]
R	154	1.5091115528775845e-05	[41.754, 43.28]	[15.4953725, 14.78145]
R	155	1.5091115528775845e-05	[41.332, 43.18]	[15.505545, 14.585303125]
R	156	1.5091115528775845e-05	[41.61, 43.11]	[15.47319625, 14.8849984375]
R	157	1.5091115528775845e-05	[41.784, 43.11]	[15.44026, 14.8310171875]
R	158	1.5091115528775845e-05	[41.66, 43.27]	[15.3866425, 14.7578578125]
R	159	1.5091115528775845e-05	[41.89, 43.28]	[15.24737, 14.574521875]
R	160	1.5091115528775845e-05	[41.432, 43.26]	[15.59384, 14.735284375]
R	161	1.5091115528775845e-05	[41.718, 43.2]	[15.65403375, 15.0085734375]
R	162	1.5091115528775845e-05	[41.656, 43.37]	[15.55793125, 14.6995671875]
R	163	1.5091115528775845e-05	[41.624, 43.34]	[15.4827775, 14.7069671875]
R	164	1.5091115528775845e-05	[41.626, 43.37]	[15.41740875, 14.539015625]
R	165	1.5091115528775845e-05	[42.05, 43.2]	[15.3467275, 14.624365625]
R	166	1.5091115528775845e-05	[42.1, 43.41]	[15.393365, 14.640434375]
R	167	1.5091115528775845e-05	[41.982, 43.29]	[15.26207375, 14.5743390625]
R	168	1.5091115528775845e-05	[42.07, 43.59]	[15.4751675, 14.7787828125]
R	169	1.5091115528775845e-05	[41.916, 43.36]	[15.5047025, 14.91040625]
R	170	1.5091115528775845e-05	[42.104, 43.36]	[15.22978625, 14.611259375]
R	171	1.5091115528775845e-05	[42.242, 43.41]	[15.2223675, 14.696353125]
R	172	1.5091115528775845e-05	[42.564, 43.6]	[15.25477625, 14.6677484375]
R	173	1.5091115528775845e-05	[42.1, 43.53]	[15.44614, 14.7682]
R	174	1.5091115528775845e-05	[42.322, 43.45]	[15.19905625, 14.7071359375]
R	175	1.5091115528775845e-05	[42.418, 43.59]	[15.22635875, 14.58454375]
R	176	1.5091115528775845e-05	[42.178, 43.38]	[15.29494375, 14.8224296875]
R	177	1.5091115528775845e-05	[42.518, 43.52]	[15.23018125, 14.670625]
R	178	1.5091115528775845e-05	[42.156, 43.72]	[15.57346875, 14.6638828125]
R	179	1.5091115528775845e-05	[42.254, 43.67]	[15.20182, 14.5985390625]
R	180	1.5091115528775845e-05	[42.616, 43.55]	[15.29966, 14.6417953125]
R	181	1.5091115528775845e-05	[42.646, 43.82]	[15.28416125, 14.6845]
R	182	1.5091115528775845e-05	[42.556, 43.97]	[15.4245975, 14.6263046875]
R	183	1.5091115528775845e-05	[42.456, 43.85]	[15.49684625, 14.7746]
R	184	1.5091115528775845e-05	[42.488, 43.87]	[15.25535125, 14.4725953125]
R	185	1.5091115528775845e-05	[42.546, 43.88]	[15.1958325, 14.508471875]
R	186	1.5091115528775845e-05	[42.582, 43.87]	[15.30766875, 14.4573515625]
R	187	1.5091115528775845e-05	[42.61, 43.84]	[15.35257625, 14.536446875]
R	188	1.5091115528775845e-05	[42.7, 43.88]	[15.2225625, 14.731215625]
R	189	1.5091115528775845e-05	[42.916, 43.85]	[15.112665, 14.5825390625]
R	190	1.5091115528775845e-05	[42.732, 44.12]	[15.34179375, 14.676609375]
R	191	1.5091115528775845e-05	[42.882, 44.0]	[15.01030125, 14.714478125]
R	192	1.5091115528775845e-05	[42.608, 44.2]	[15.29489125, 14.7119515625]
R	193	1.5091115528775845e-05	[42.504, 44.18]	[15.51998375, 14.7512671875]
R	194	1.5091115528775845e-05	[42.864, 44.09]	[14.93323, 14.429303125]
R	195	1.5091115528775845e-05	[42.864, 44.06]	[15.39191125, 14.7638015625]
R	196	1.5091115528775845e-05	[42.776, 44.18]	[15.15521125, 14.5331265625]
R	197	1.5091115528775845e-05	[42.998, 44.1]	[15.22328875, 14.646859375]
R	198	1.5091115528775845e-05	[43.184, 44.12]	[15.198415, 14.7520140625]
R	199	1.5091115528775845e-05	[43.12, 44.12]	[15.1745275, 14.6052109375]
