L	0	0.00016762485029175878	[45.84, 44.56]	[13.80302, 13.7580109375]
L	1	5.548374610953033e-05	[50.302, 47.71]	[13.04556625, 13.9069375]
R	0	6.303936243057251e-05	[54.072, 50.04]	[11.74635375, 12.50349375]
R	1	5.209864684729837e-05	[56.728, 51.89]	[11.11340875, 12.2459734375]
R	2	6.303936243057251e-05	[57.278, 52.34]	[11.671645, 12.893815625]
R	3	3.2349154935218394e-05	[58.952, 53.34]	[10.66283375, 12.0568171875]
R	4	3.2349154935218394e-05	[60.424, 54.06]	[10.2495775, 11.83213125]
R	5	2.0086275981157087e-05	[62.078, 55.31]	[9.85357375, 11.822725]
R	6	2.0086275981157087e-05	[62.494, 55.0]	[9.816744375, 11.616109375]
R	7	2.0086275981157087e-05	[62.534, 55.45]	[9.62029875, 11.280290625]
R	8	2.0086275981157087e-05	[63.204, 55.87]	[9.71385, 11.393940625]
R	9	2.0086275981157087e-05	[63.458, 55.61]	[9.479585, 11.330165625]
R	10	2.0086275981157087e-05	[63.538, 55.56]	[9.60542875, 11.6367015625]
R	11	2.0086275981157087e-05	[63.858, 55.78]	[9.781846875, 11.826128125]
R	12	2.0086275981157087e-05	[64.28, 55.92]	[9.447943125, 11.2681703125]
R	13	2.0086275981157087e-05	[64.11, 55.59]	[9.4447475, 11.586215625]
R	14	2.0086275981157087e-05	[64.702, 56.12]	[9.42541, 11.550246875]
R	15	2.0086275981157087e-05	[64.786, 55.89]	[9.04701, 11.16418125]
R	16	2.0086275981157087e-05	[65.05, 56.47]	[9.335358125, 11.3802859375]
R	17	2.0086275981157087e-05	[65.248, 55.97]	[9.18395625, 11.350490625]
R	18	2.0086275981157087e-05	[65.34, 56.36]	[8.89309625, 11.00445625]
R	19	2.0086275981157087e-05	[65.554, 56.15]	[8.955385625, 11.0564734375]
R	20	2.0086275981157087e-05	[65.74, 56.23]	[9.2216475, 11.760453125]
R	21	2.0086275981157087e-05	[66.078, 56.11]	[8.90146125, 11.264984375]
R	22	2.0086275981157087e-05	[66.346, 56.46]	[8.75283875, 11.1114078125]
R	23	2.0086275981157087e-05	[66.31, 56.62]	[8.803635, 11.0980953125]
R	24	2.0086275981157087e-05	[66.362, 56.38]	[8.66478, 10.8348421875]
R	25	2.0086275981157087e-05	[66.226, 56.02]	[8.682340625, 10.9614015625]
R	26	2.0086275981157087e-05	[66.388, 56.38]	[8.741290625, 11.0119953125]
R	27	2.0086275981157087e-05	[66.854, 56.83]	[8.74571625, 11.077575]
R	28	2.0086275981157087e-05	[67.132, 56.66]	[8.7631825, 11.1585578125]
R	29	2.0086275981157087e-05	[67.516, 56.87]	[8.5311075, 10.960759375]
R	30	2.0086275981157087e-05	[67.06, 56.56]	[8.548165, 11.0148515625]
R	31	2.0086275981157087e-05	[67.418, 56.47]	[8.4855975, 10.9056234375]
R	32	2.0086275981157087e-05	[67.416, 56.44]	[8.613925, 11.2320875]
R	33	2.0086275981157087e-05	[67.336, 56.7]	[8.601745, 10.8367984375]
R	34	2.0086275981157087e-05	[67.994, 56.88]	[8.3940625, 10.8410609375]
R	35	2.0086275981157087e-05	[67.85, 56.26]	[8.31394, 11.267984375]
R	36	2.0086275981157087e-05	[67.436, 56.51]	[8.5875475, 11.190109375]
R	37	2.0086275981157087e-05	[68.384, 56.92]	[8.2613675, 11.1528265625]
R	38	2.0086275981157087e-05	[68.136, 56.68]	[8.39041125, 11.099584375]
R	39	2.0086275981157087e-05	[68.248, 56.93]	[8.40463125, 11.215828125]
R	40	2.0086275981157087e-05	[67.988, 56.67]	[8.399645, 11.0040234375]
R	41	2.0086275981157087e-05	[68.396, 56.54]	[8.25583375, 10.9394484375]
R	42	2.0086275981157087e-05	[68.272, 56.76]	[8.30159625, 11.0523453125]
R	43	2.0086275981157087e-05	[68.672, 56.8]	[8.3447375, 11.1648671875]
R	44	2.0086275981157087e-05	[69.06, 57.01]	[8.1671575, 10.896521875]
R	45	2.0086275981157087e-05	[68.982, 56.69]	[8.0912675, 10.9278703125]
R	46	2.0086275981157087e-05	[68.98, 56.83]	[8.30224375, 11.197740625]
R	47	2.0086275981157087e-05	[69.004, 56.67]	[8.165305, 11.144203125]
R	48	2.0086275981157087e-05	[69.26, 56.96]	[8.0331675, 10.9364796875]
R	49	2.0086275981157087e-05	[69.348, 56.91]	[7.95002, 11.0204171875]
R	50	2.0086275981157087e-05	[69.502, 56.94]	[8.11032125, 11.230771875]
R	51	2.0086275981157087e-05	[69.718, 57.02]	[8.033228125, 11.263303125]
R	52	2.0086275981157087e-05	[69.648, 56.77]	[8.09037375, 11.20656875]
R	53	2.0086275981157087e-05	[69.634, 56.59]	[7.771493125, 10.71325]
R	54	2.0086275981157087e-05	[69.958, 56.6]	[7.82811125, 11.053646875]
R	55	2.0086275981157087e-05	[69.766, 56.64]	[7.87481625, 10.9414]
R	56	2.0086275981157087e-05	[69.802, 57.1]	[7.88831625, 10.69738125]
R	57	2.0086275981157087e-05	[70.382, 56.98]	[7.65514875, 10.7742046875]
R	58	2.0086275981157087e-05	[70.052, 56.43]	[8.02462125, 11.23666875]
R	59	2.0086275981157087e-05	[70.02, 57.02]	[7.6361925, 10.60625]
R	60	2.0086275981157087e-05	[70.51, 56.91]	[7.79514375, 11.041990625]
R	61	2.0086275981157087e-05	[70.67, 56.92]	[7.7050725, 11.114903125]
R	62	2.0086275981157087e-05	[70.556, 57.27]	[7.879, 11.107390625]
R	63	2.0086275981157087e-05	[70.468, 57.0]	[7.742485, 10.92814375]
R	64	2.0086275981157087e-05	[70.884, 56.89]	[7.68779, 11.0085375]
R	65	2.0086275981157087e-05	[70.882, 57.18]	[7.558844375, 11.11588125]
R	66	2.0086275981157087e-05	[70.674, 56.75]	[7.7320825, 11.0640359375]
R	67	2.0086275981157087e-05	[70.714, 56.94]	[7.68112, 10.9391984375]
R	68	2.0086275981157087e-05	[71.098, 56.97]	[7.652378125, 10.9869578125]
R	69	2.0086275981157087e-05	[71.236, 56.96]	[7.556515, 10.9563328125]
R	70	2.0086275981157087e-05	[71.534, 56.88]	[7.4917625, 11.110209375]
R	71	2.0086275981157087e-05	[71.454, 56.83]	[7.534485625, 11.139028125]
R	72	2.0086275981157087e-05	[71.482, 57.28]	[7.5268675, 10.868853125]
R	73	2.0086275981157087e-05	[71.548, 57.1]	[7.42904625, 10.916665625]
R	74	2.0086275981157087e-05	[71.276, 57.04]	[7.43768875, 10.8932625]
R	75	2.0086275981157087e-05	[71.506, 57.22]	[7.433730625, 10.869234375]
R	76	2.0086275981157087e-05	[71.666, 57.24]	[7.351185, 10.8178984375]
R	77	2.0086275981157087e-05	[71.792, 57.27]	[7.27009625, 10.5215359375]
R	78	2.0086275981157087e-05	[72.024, 56.99]	[7.22392125, 10.848075]
R	79	2.0086275981157087e-05	[71.692, 57.13]	[7.3554575, 10.8114265625]
R	80	2.0086275981157087e-05	[71.79, 57.3]	[7.23506125, 10.753878125]
R	81	2.0086275981157087e-05	[72.246, 57.13]	[7.307754375, 10.8775265625]
R	82	2.0086275981157087e-05	[72.344, 57.33]	[7.13566375, 11.073134375]
R	83	2.0086275981157087e-05	[72.024, 56.77]	[7.397316875, 11.0693046875]
R	84	2.0086275981157087e-05	[72.496, 57.15]	[7.25494875, 10.85464375]
R	85	2.0086275981157087e-05	[72.602, 56.99]	[7.169335, 11.0652390625]
R	86	2.0086275981157087e-05	[72.234, 57.12]	[7.25986, 10.8287515625]
R	87	2.0086275981157087e-05	[72.73, 57.15]	[7.32175625, 10.7375703125]
R	88	2.0086275981157087e-05	[72.73, 57.25]	[7.0324125, 10.9747515625]
R	89	2.0086275981157087e-05	[72.388, 57.01]	[7.2709725, 10.9520265625]
R	90	2.0086275981157087e-05	[72.344, 57.28]	[7.19218875, 10.8879171875]
R	91	2.0086275981157087e-05	[72.868, 57.23]	[7.02013875, 10.7149375]
R	92	2.0086275981157087e-05	[73.162, 57.26]	[6.838039375, 10.5323796875]
R	93	2.0086275981157087e-05	[73.116, 57.2]	[6.917005, 10.7832171875]
R	94	2.0086275981157087e-05	[73.156, 57.15]	[7.12362625, 11.03436875]
R	95	2.0086275981157087e-05	[73.146, 57.2]	[6.9471025, 10.7214609375]
R	96	2.0086275981157087e-05	[72.904, 56.68]	[7.042371875, 11.113259375]
R	97	2.0086275981157087e-05	[72.966, 57.06]	[7.141778125, 11.115309375]
R	98	2.0086275981157087e-05	[73.35, 57.36]	[6.9717325, 10.8629234375]
R	99	2.0086275981157087e-05	[73.622, 57.3]	[6.94621625, 10.76530625]
R	100	2.0086275981157087e-05	[73.52, 57.04]	[6.8339575, 10.84905]
R	101	2.0086275981157087e-05	[73.504, 57.26]	[6.776915, 10.71355]
R	102	2.0086275981157087e-05	[73.224, 56.84]	[6.95833125, 10.877415625]
R	103	2.0086275981157087e-05	[73.604, 56.88]	[6.73841625, 10.60414375]
R	104	2.0086275981157087e-05	[73.58, 56.83]	[6.8346525, 11.0040265625]
R	105	2.0086275981157087e-05	[73.94, 57.08]	[6.782659375, 10.9223515625]
R	106	2.0086275981157087e-05	[73.978, 57.18]	[6.81194125, 10.801065625]
R	107	2.0086275981157087e-05	[74.074, 57.18]	[6.733343125, 11.049803125]
R	108	2.0086275981157087e-05	[73.78, 57.17]	[6.86811875, 11.0082359375]
R	109	2.0086275981157087e-05	[73.908, 57.41]	[6.691911875, 10.6540015625]
R	110	2.0086275981157087e-05	[74.28, 57.18]	[6.831669375, 10.856778125]
R	111	2.0086275981157087e-05	[74.146, 57.05]	[6.761209375, 10.944521875]
R	112	2.0086275981157087e-05	[74.172, 57.22]	[6.6773925, 10.5735515625]
R	113	2.0086275981157087e-05	[74.164, 56.99]	[6.649915, 10.8480703125]
R	114	2.0086275981157087e-05	[74.318, 56.94]	[6.6238175, 10.795496875]
R	115	2.0086275981157087e-05	[74.192, 57.1]	[6.66687875, 10.93270625]
R	116	2.0086275981157087e-05	[74.322, 57.32]	[6.720955, 10.8614703125]
R	117	2.0086275981157087e-05	[74.666, 57.22]	[6.58903125, 10.835596875]
R	118	2.0086275981157087e-05	[74.736, 56.97]	[6.48681625, 10.8152953125]
R	119	2.0086275981157087e-05	[74.748, 57.36]	[6.72362375, 10.9490625]
R	120	2.0086275981157087e-05	[74.984, 57.1]	[6.5212825, 11.0095046875]
R	121	2.0086275981157087e-05	[74.898, 57.23]	[6.37590625, 10.8913640625]
R	122	2.0086275981157087e-05	[74.94, 57.17]	[6.44683, 10.785740625]
R	123	2.0086275981157087e-05	[74.808, 56.91]	[6.5249375, 11.0199078125]
R	124	2.0086275981157087e-05	[75.184, 57.37]	[6.39252875, 10.8348546875]
R	125	2.0086275981157087e-05	[75.328, 57.04]	[6.4120725, 11.0540296875]
R	126	2.0086275981157087e-05	[75.12, 57.36]	[6.46515, 11.157190625]
R	127	2.0086275981157087e-05	[75.362, 56.99]	[6.52513125, 11.1203703125]
R	128	2.0086275981157087e-05	[75.194, 57.08]	[6.46431625, 10.816796875]
R	129	2.0086275981157087e-05	[75.478, 57.26]	[6.3724425, 10.8843109375]
R	130	2.0086275981157087e-05	[75.364, 57.09]	[6.44505125, 11.1729515625]
R	131	2.0086275981157087e-05	[75.282, 57.4]	[6.50559375, 11.1980359375]
R	132	2.0086275981157087e-05	[75.56, 57.04]	[6.3258225, 10.9552609375]
R	133	2.0086275981157087e-05	[75.406, 57.03]	[6.353540625, 10.9342078125]
R	134	2.0086275981157087e-05	[75.858, 56.92]	[6.2183725, 10.9415328125]
R	135	2.0086275981157087e-05	[75.776, 57.13]	[6.306044375, 11.094434375]
R	136	2.0086275981157087e-05	[75.782, 57.0]	[6.24815875, 10.815303125]
R	137	2.0086275981157087e-05	[76.004, 57.34]	[6.29702, 10.811996875]
R	138	2.0086275981157087e-05	[75.84, 56.97]	[6.30259375, 10.9300984375]
R	139	2.0086275981157087e-05	[75.894, 57.32]	[6.4917825, 11.2208109375]
R	140	2.0086275981157087e-05	[76.174, 57.12]	[6.07503125, 10.8934]
R	141	2.0086275981157087e-05	[76.288, 57.42]	[6.09387125, 10.9795203125]
R	142	2.0086275981157087e-05	[75.984, 57.16]	[6.379065, 11.1292015625]
R	143	2.0086275981157087e-05	[76.698, 57.23]	[6.0075675, 10.8191265625]
R	144	2.0086275981157087e-05	[76.484, 57.16]	[6.124880625, 11.041846875]
R	145	2.0086275981157087e-05	[75.97, 56.82]	[6.31014125, 11.2313125]
R	146	2.0086275981157087e-05	[76.596, 57.28]	[6.11278375, 10.953578125]
R	147	2.0086275981157087e-05	[76.778, 57.06]	[6.00538125, 10.9424015625]
R	148	2.0086275981157087e-05	[76.556, 57.19]	[6.09206375, 10.767128125]
R	149	2.0086275981157087e-05	[76.624, 57.4]	[5.98488125, 10.834396875]
R	150	2.0086275981157087e-05	[76.8, 57.17]	[6.030044375, 10.877175]
R	151	2.0086275981157087e-05	[77.01, 57.05]	[6.007321875, 10.711634375]
R	152	2.0086275981157087e-05	[76.932, 57.27]	[5.9279425, 10.787878125]
R	153	2.0086275981157087e-05	[76.762, 57.25]	[5.836635, 10.6703359375]
R	154	2.0086275981157087e-05	[76.922, 57.36]	[6.034455, 10.858109375]
R	155	2.0086275981157087e-05	[77.236, 57.8]	[5.886280625, 10.7151890625]
R	156	2.0086275981157087e-05	[76.878, 57.43]	[5.9495075, 10.847159375]
R	157	2.0086275981157087e-05	[77.022, 57.24]	[5.98624125, 10.799434375]
R	158	2.0086275981157087e-05	[77.356, 57.3]	[5.7780275, 10.880471875]
R	159	2.0086275981157087e-05	[77.096, 56.99]	[6.048804375, 11.079734375]
R	160	2.0086275981157087e-05	[77.344, 57.2]	[6.01924375, 10.9727515625]
R	161	2.0086275981157087e-05	[77.452, 57.2]	[5.822175625, 10.757040625]
R	162	2.0086275981157087e-05	[77.304, 57.37]	[5.898586875, 10.9544578125]
R	163	2.0086275981157087e-05	[77.796, 57.47]	[5.73730875, 10.67028125]
R	164	2.0086275981157087e-05	[77.716, 57.48]	[5.81640125, 10.866190625]
R	165	2.0086275981157087e-05	[77.556, 57.28]	[5.95453875, 10.969253125]
R	166	2.0086275981157087e-05	[78.034, 57.54]	[5.71690375, 10.857759375]
R	167	2.0086275981157087e-05	[78.112, 57.36]	[5.67310125, 10.958053125]
R	168	2.0086275981157087e-05	[78.228, 57.45]	[5.772749375, 11.1330609375]
R	169	2.0086275981157087e-05	[78.064, 57.07]	[5.73855375, 10.969653125]
R	170	2.0086275981157087e-05	[77.736, 57.09]	[5.80625, 11.0458484375]
R	171	2.0086275981157087e-05	[78.11, 57.23]	[5.64932125, 10.9131640625]
R	172	2.0086275981157087e-05	[78.132, 57.25]	[5.703323125, 11.03164375]
R	173	2.0086275981157087e-05	[78.27, 57.59]	[5.6437875, 10.665134375]
R	174	2.0086275981157087e-05	[78.386, 57.53]	[5.683215, 10.9263640625]
R	175	2.0086275981157087e-05	[78.546, 57.58]	[5.474414375, 10.481315625]
R	176	2.0086275981157087e-05	[78.362, 57.28]	[5.67155, 10.7569796875]
R	177	2.0086275981157087e-05	[78.502, 57.32]	[5.8508825, 11.208903125]
R	178	2.0086275981157087e-05	[78.212, 57.3]	[5.68556875, 11.0485015625]
R	179	2.0086275981157087e-05	[78.826, 57.48]	[5.571825625, 10.982946875]
R	180	2.0086275981157087e-05	[78.464, 57.23]	[5.64528625, 10.7242453125]
R	181	2.0086275981157087e-05	[79.116, 57.4]	[5.40886, 10.872828125]
R	182	2.0086275981157087e-05	[78.878, 57.49]	[5.452944375, 10.9403515625]
R	183	2.0086275981157087e-05	[78.694, 57.38]	[5.5006325, 10.759159375]
R	184	2.0086275981157087e-05	[78.898, 57.34]	[5.53862, 10.7479296875]
R	185	2.0086275981157087e-05	[79.002, 57.37]	[5.515715, 11.0069125]
R	186	2.0086275981157087e-05	[78.668, 57.29]	[5.558635, 10.840796875]
R	187	2.0086275981157087e-05	[79.058, 57.68]	[5.45297625, 10.82010625]
R	188	2.0086275981157087e-05	[79.176, 57.19]	[5.361115, 10.849265625]
R	189	2.0086275981157087e-05	[79.064, 57.37]	[5.5037875, 10.9922765625]
R	190	2.0086275981157087e-05	[79.238, 57.39]	[5.48961375, 10.7647484375]
R	191	2.0086275981157087e-05	[79.292, 57.44]	[5.33794, 10.7228125]
R	192	2.0086275981157087e-05	[79.234, 57.04]	[5.45994375, 10.96058125]
R	193	2.0086275981157087e-05	[79.22, 57.53]	[5.380776875, 10.763796875]
R	194	2.0086275981157087e-05	[79.636, 56.93]	[5.1641534375, 10.776225]
R	195	2.0086275981157087e-05	[79.24, 57.44]	[5.3572025, 10.5167921875]
R	196	2.0086275981157087e-05	[79.816, 57.45]	[5.1385371875, 10.769084375]
R	197	2.0086275981157087e-05	[79.512, 57.5]	[5.398619375, 11.116821875]
R	198	2.0086275981157087e-05	[79.72, 57.31]	[5.206688125, 10.9046703125]
R	199	1.9999999494757503e-05	[79.968, 57.56]	[5.232385625, 10.9922703125]
