L	0	0.00028856206336058676	[51.928, 47.85]	[12.56508875, 13.6526]
L	1	0.00014819989155512303	[55.496, 50.14]	[11.53791375, 12.7200046875]
R	0	3.9142480090959e-05	[58.656, 51.96]	[11.04767875, 12.613759375]
R	1	3.5584071156335995e-05	[60.302, 53.18]	[10.79699375, 12.5297125]
R	2	2.6734836865216494e-05	[61.814, 54.13]	[9.99269375, 11.798340625]
R	3	4.736240589409135e-05	[63.22, 54.33]	[9.80105375, 11.9073375]
R	4	6.303936243057251e-05	[63.796, 54.36]	[9.53669375, 11.63440625]
R	5	1.0307432603440247e-05	[65.316, 55.39]	[9.05643, 11.69675]
R	6	1.0307432603440247e-05	[65.426, 55.18]	[8.94017125, 11.6046625]
R	7	1.0307432603440247e-05	[65.674, 55.5]	[9.056215, 11.691878125]
R	8	1.0307432603440247e-05	[65.962, 55.63]	[9.08029125, 11.6356890625]
R	9	1.0307432603440247e-05	[66.326, 55.83]	[8.6868075, 11.328121875]
R	10	1.0307432603440247e-05	[66.686, 55.91]	[8.70814375, 11.3285265625]
R	11	1.0307432603440247e-05	[66.77, 55.49]	[8.83859, 11.600378125]
R	12	1.0307432603440247e-05	[67.072, 55.49]	[8.692810625, 11.6231875]
R	13	1.0307432603440247e-05	[67.326, 55.87]	[8.53360875, 11.4049359375]
R	14	1.0307432603440247e-05	[67.572, 55.95]	[8.5431875, 11.5079046875]
R	15	1.0307432603440247e-05	[67.64, 55.82]	[8.35953125, 11.308446875]
R	16	1.0307432603440247e-05	[67.78, 55.79]	[8.40175375, 11.4861578125]
R	17	1.0307432603440247e-05	[67.966, 55.96]	[8.42908375, 11.47826875]
R	18	1.0307432603440247e-05	[68.18, 56.07]	[8.39831125, 11.411503125]
R	19	1.0307432603440247e-05	[68.45, 55.91]	[8.24568125, 11.2750421875]
R	20	1.0307432603440247e-05	[68.298, 55.82]	[8.2529175, 11.32699375]
R	21	1.0307432603440247e-05	[68.616, 55.77]	[8.24498625, 11.2927515625]
R	22	1.0307432603440247e-05	[68.93, 56.26]	[8.12754, 11.3592953125]
R	23	1.0307432603440247e-05	[68.928, 55.95]	[8.1310775, 11.597428125]
R	24	1.0307432603440247e-05	[68.986, 55.94]	[8.09806375, 11.3813578125]
R	25	1.0307432603440247e-05	[69.496, 56.09]	[7.9444, 11.3391734375]
R	26	1.0307432603440247e-05	[69.622, 56.37]	[7.951698125, 11.365525]
R	27	1.0307432603440247e-05	[69.52, 56.25]	[8.17006625, 11.280196875]
R	28	1.0307432603440247e-05	[69.708, 56.26]	[7.87089, 11.1442953125]
R	29	1.0307432603440247e-05	[70.102, 56.42]	[7.7713425, 11.029284375]
R	30	1.0307432603440247e-05	[70.088, 56.18]	[7.766605, 11.215446875]
R	31	1.0307432603440247e-05	[70.43, 55.82]	[7.68752125, 11.2486484375]
R	32	1.0307432603440247e-05	[70.516, 56.29]	[7.7123875, 11.2038984375]
R	33	1.0307432603440247e-05	[70.488, 56.19]	[7.64435875, 11.0718609375]
R	34	1.0307432603440247e-05	[70.714, 56.21]	[7.523665, 11.04504375]
R	35	1.0307432603440247e-05	[70.676, 56.12]	[7.655265625, 11.3835921875]
R	36	1.0307432603440247e-05	[70.84, 56.2]	[7.75374625, 11.170953125]
R	37	1.0307432603440247e-05	[70.866, 56.4]	[7.65424375, 11.362984375]
R	38	1.0307432603440247e-05	[70.918, 56.24]	[7.55376375, 11.3373296875]
R	39	1.0307432603440247e-05	[71.282, 56.18]	[7.52799875, 11.3803609375]
R	40	1.0307432603440247e-05	[71.146, 56.4]	[7.474605, 11.063659375]
R	41	1.0307432603440247e-05	[71.608, 56.54]	[7.372735, 11.102609375]
R	42	1.0307432603440247e-05	[71.502, 56.09]	[7.584900625, 11.371203125]
R	43	1.0307432603440247e-05	[71.638, 56.64]	[7.2836525, 10.958675]
R	44	1.0307432603440247e-05	[71.924, 56.47]	[7.37212125, 11.2761234375]
R	45	1.0307432603440247e-05	[71.926, 56.53]	[7.32369, 10.9413359375]
R	46	1.0307432603440247e-05	[72.042, 56.61]	[7.257431875, 11.195765625]
R	47	1.0307432603440247e-05	[72.024, 56.55]	[7.190018125, 10.9929515625]
R	48	1.0307432603440247e-05	[71.998, 56.63]	[7.27433375, 11.004509375]
R	49	1.0307432603440247e-05	[72.394, 56.4]	[7.31362125, 11.3166421875]
R	50	1.0307432603440247e-05	[72.272, 56.85]	[7.1529475, 11.06254375]
R	51	1.0307432603440247e-05	[72.39, 56.6]	[7.1817775, 11.1188328125]
R	52	1.0307432603440247e-05	[72.356, 56.1]	[7.374128125, 11.3523359375]
R	53	1.0307432603440247e-05	[72.328, 56.45]	[7.270263125, 11.1207734375]
R	54	1.0307432603440247e-05	[72.49, 56.48]	[7.17007375, 11.2476796875]
R	55	1.0307432603440247e-05	[72.726, 56.53]	[7.23310125, 11.18230625]
R	56	1.0307432603440247e-05	[72.714, 56.52]	[7.16168875, 11.4124578125]
R	57	1.0307432603440247e-05	[72.996, 56.48]	[6.965164375, 11.1529703125]
R	58	1.0307432603440247e-05	[72.79, 56.3]	[7.099789375, 11.012525]
R	59	1.0307432603440247e-05	[72.756, 56.55]	[7.190606875, 11.2035609375]
R	60	1.0307432603440247e-05	[73.018, 56.36]	[7.153845, 10.9958796875]
R	61	1.0307432603440247e-05	[73.084, 56.35]	[7.06914625, 11.184721875]
R	62	1.0307432603440247e-05	[73.376, 56.83]	[6.945405, 10.855640625]
R	63	1.0307432603440247e-05	[73.47, 56.57]	[6.871035, 11.1089671875]
R	64	1.0307432603440247e-05	[73.586, 56.44]	[6.77640125, 11.172628125]
R	65	1.0307432603440247e-05	[73.64, 56.75]	[6.851804375, 11.145784375]
R	66	1.0307432603440247e-05	[73.602, 56.45]	[6.94758625, 11.1974703125]
R	67	1.0307432603440247e-05	[73.654, 56.69]	[6.878356875, 11.021809375]
R	68	1.0307432603440247e-05	[73.844, 56.75]	[6.768905, 11.27808125]
R	69	1.0307432603440247e-05	[73.598, 56.53]	[7.025006875, 11.1111234375]
R	70	1.0307432603440247e-05	[73.892, 56.71]	[6.74825, 11.1188703125]
R	71	1.0307432603440247e-05	[73.748, 56.49]	[6.76803125, 10.9647453125]
R	72	1.0307432603440247e-05	[74.068, 56.61]	[6.70079625, 11.0216578125]
R	73	1.0307432603440247e-05	[74.144, 56.7]	[6.716184375, 10.9707140625]
R	74	1.0307432603440247e-05	[74.184, 56.56]	[6.590681875, 10.8914125]
R	75	1.0307432603440247e-05	[74.056, 56.46]	[6.96979, 11.3037234375]
R	76	1.0307432603440247e-05	[74.312, 56.62]	[6.67427625, 11.06981875]
R	77	1.0307432603440247e-05	[74.424, 56.46]	[6.61468, 10.9929578125]
R	78	1.0307432603440247e-05	[74.222, 56.35]	[6.80211375, 11.01451875]
R	79	1.0307432603440247e-05	[74.09, 56.72]	[6.78307, 10.8148125]
R	80	1.0307432603440247e-05	[74.66, 56.74]	[6.6754675, 11.03375]
R	81	1.0307432603440247e-05	[74.57, 56.54]	[6.51454625, 10.95748125]
R	82	1.0307432603440247e-05	[74.882, 56.58]	[6.467426875, 10.978625]
R	83	1.0307432603440247e-05	[75.04, 56.58]	[6.66792375, 11.14330625]
R	84	1.0307432603440247e-05	[75.04, 56.58]	[6.52539625, 11.0145859375]
R	85	1.0307432603440247e-05	[74.934, 56.79]	[6.53076375, 10.8775625]
R	86	1.0307432603440247e-05	[74.822, 56.48]	[6.54532875, 10.94590625]
R	87	1.0307432603440247e-05	[75.264, 56.56]	[6.31678125, 10.79435625]
R	88	1.0307432603440247e-05	[74.868, 56.63]	[6.61073, 11.1575421875]
R	89	1.0307432603440247e-05	[75.062, 56.39]	[6.4988325, 11.1205875]
R	90	1.0307432603440247e-05	[75.316, 56.79]	[6.468605, 11.072490625]
R	91	1.0307432603440247e-05	[75.414, 56.31]	[6.39621125, 11.189903125]
R	92	1.0307432603440247e-05	[75.234, 56.25]	[6.39908875, 11.0574015625]
R	93	1.0307432603440247e-05	[75.33, 56.73]	[6.38181375, 11.0323875]
R	94	1.0307432603440247e-05	[75.512, 56.82]	[6.32097, 10.9789515625]
R	95	1.0307432603440247e-05	[75.808, 56.65]	[6.3721775, 11.074809375]
R	96	1.0307432603440247e-05	[75.624, 56.56]	[6.3462175, 11.0375609375]
R	97	1.0307432603440247e-05	[75.794, 56.63]	[6.290405, 11.0213390625]
R	98	1.0307432603440247e-05	[75.808, 56.79]	[6.373155, 11.1293203125]
R	99	1.0307432603440247e-05	[75.936, 56.78]	[6.319441875, 10.987425]
R	100	1.0307432603440247e-05	[75.876, 56.73]	[6.3443125, 10.8452234375]
R	101	1.0307432603440247e-05	[75.898, 56.49]	[6.32380875, 11.0725890625]
R	102	1.0307432603440247e-05	[75.54, 56.58]	[6.39736875, 10.9756453125]
R	103	1.0307432603440247e-05	[76.022, 56.66]	[6.301854375, 11.046196875]
R	104	1.0307432603440247e-05	[75.842, 56.72]	[6.258005, 10.942146875]
R	105	1.0307432603440247e-05	[76.188, 56.56]	[6.2002225, 10.8663671875]
R	106	1.0307432603440247e-05	[75.956, 56.97]	[6.21846125, 10.779253125]
R	107	1.0307432603440247e-05	[76.242, 56.43]	[6.074284375, 11.1364421875]
R	108	1.0307432603440247e-05	[76.148, 56.53]	[6.1574825, 11.0897578125]
R	109	1.0307432603440247e-05	[76.106, 56.45]	[6.3529675, 11.1570203125]
R	110	1.0307432603440247e-05	[76.43, 56.58]	[6.1440225, 11.053409375]
R	111	1.0307432603440247e-05	[76.038, 56.47]	[6.18216125, 11.061490625]
R	112	1.0307432603440247e-05	[76.232, 56.59]	[6.1199775, 10.8716328125]
R	113	1.0307432603440247e-05	[76.256, 57.0]	[6.256916875, 11.0605140625]
R	114	1.0307432603440247e-05	[76.528, 56.92]	[6.153283125, 10.872759375]
R	115	1.0307432603440247e-05	[76.54, 56.71]	[6.122165, 10.9968578125]
R	116	1.0307432603440247e-05	[76.884, 56.76]	[5.995933125, 11.0235125]
R	117	1.0307432603440247e-05	[76.8, 56.6]	[6.06700875, 11.0084859375]
R	118	1.0307432603440247e-05	[76.636, 56.67]	[6.17753375, 11.347546875]
R	119	1.0307432603440247e-05	[76.73, 56.72]	[6.088276875, 10.8529671875]
R	120	1.0307432603440247e-05	[76.658, 56.42]	[6.04639, 10.9128390625]
R	121	1.0307432603440247e-05	[77.086, 56.35]	[5.976998125, 10.918134375]
R	122	1.0307432603440247e-05	[76.896, 56.86]	[5.972305625, 10.989934375]
R	123	1.0307432603440247e-05	[76.894, 56.42]	[6.148805625, 11.161009375]
R	124	1.0307432603440247e-05	[77.22, 56.58]	[5.86738125, 11.1391796875]
R	125	1.0307432603440247e-05	[77.29, 56.77]	[5.889506875, 10.889103125]
R	126	1.0307432603440247e-05	[76.996, 56.66]	[5.94691875, 10.86745]
R	127	1.0307432603440247e-05	[77.142, 56.56]	[6.0450275, 10.866853125]
R	128	1.0307432603440247e-05	[77.294, 56.36]	[5.925235, 11.3044078125]
R	129	1.0307432603440247e-05	[77.188, 56.53]	[5.92530875, 10.9995734375]
R	130	1.0307432603440247e-05	[77.304, 56.94]	[5.857298125, 10.9083109375]
R	131	1.0307432603440247e-05	[77.246, 56.74]	[5.9305125, 10.9269328125]
R	132	1.0307432603440247e-05	[77.336, 56.56]	[5.87211875, 10.918384375]
R	133	1.0307432603440247e-05	[77.27, 56.67]	[5.90271125, 11.044771875]
R	134	1.0307432603440247e-05	[77.456, 56.4]	[5.946995, 11.2634828125]
R	135	1.0307432603440247e-05	[77.588, 56.95]	[5.860265625, 10.769665625]
R	136	1.0307432603440247e-05	[77.562, 56.61]	[5.8186225, 11.0332578125]
R	137	1.0307432603440247e-05	[77.564, 56.63]	[5.80993, 11.098290625]
R	138	1.0307432603440247e-05	[77.642, 56.66]	[5.832875, 10.9336828125]
R	139	1.0307432603440247e-05	[77.574, 56.73]	[5.84114625, 11.1226359375]
R	140	1.0307432603440247e-05	[77.678, 56.76]	[5.8555775, 10.9438515625]
R	141	1.0307432603440247e-05	[77.75, 56.44]	[5.761875625, 10.95614375]
R	142	1.0307432603440247e-05	[77.902, 56.82]	[5.75806, 10.9654109375]
R	143	1.0307432603440247e-05	[77.632, 56.7]	[5.764390625, 11.018353125]
R	144	1.0307432603440247e-05	[77.944, 56.46]	[5.73435375, 10.9039890625]
R	145	1.0307432603440247e-05	[77.758, 56.79]	[5.7983975, 10.9376515625]
R	146	1.0307432603440247e-05	[77.878, 56.76]	[5.673865, 10.911159375]
R	147	1.0307432603440247e-05	[78.144, 56.69]	[5.61478, 10.9184078125]
R	148	1.0307432603440247e-05	[78.252, 56.72]	[5.65215125, 11.0991796875]
R	149	1.0307432603440247e-05	[78.2, 56.56]	[5.7017775, 10.792840625]
R	150	1.0307432603440247e-05	[78.202, 56.42]	[5.6083925, 10.926328125]
R	151	1.0307432603440247e-05	[78.288, 56.59]	[5.592165, 10.9366390625]
R	152	1.0307432603440247e-05	[78.51, 56.37]	[5.5150525, 11.03016875]
R	153	1.0307432603440247e-05	[78.16, 56.67]	[5.65403375, 11.11075625]
R	154	1.0307432603440247e-05	[78.354, 56.53]	[5.72228625, 11.116271875]
R	155	1.0307432603440247e-05	[78.552, 56.72]	[5.537145, 10.9466640625]
R	156	1.0307432603440247e-05	[78.638, 56.61]	[5.37382, 10.8352921875]
R	157	1.0307432603440247e-05	[78.366, 56.86]	[5.54862875, 10.9447734375]
R	158	1.0307432603440247e-05	[78.29, 56.29]	[5.659975625, 11.020159375]
R	159	1.0307432603440247e-05	[78.454, 56.54]	[5.66695875, 11.04973125]
R	160	1.0307432603440247e-05	[78.684, 56.67]	[5.65124125, 11.1096015625]
R	161	1.0307432603440247e-05	[78.538, 56.71]	[5.6170475, 10.9274890625]
R	162	1.0307432603440247e-05	[78.766, 56.39]	[5.54266875, 11.0754203125]
R	163	1.0307432603440247e-05	[78.798, 56.48]	[5.5125125, 10.9855015625]
R	164	1.0307432603440247e-05	[78.814, 56.96]	[5.51155125, 10.96438125]
R	165	1.0307432603440247e-05	[78.604, 56.64]	[5.533069375, 10.8626421875]
R	166	1.0307432603440247e-05	[78.744, 56.48]	[5.56173625, 11.1331890625]
R	167	1.0307432603440247e-05	[78.62, 56.47]	[5.6323825, 11.108096875]
R	168	1.0307432603440247e-05	[79.03, 56.52]	[5.3905775, 10.994303125]
R	169	1.0307432603440247e-05	[79.152, 56.36]	[5.344463125, 10.9386609375]
R	170	1.0307432603440247e-05	[78.836, 56.44]	[5.531259375, 10.92426875]
R	171	1.0307432603440247e-05	[79.038, 56.71]	[5.43137375, 10.8260828125]
R	172	1.0307432603440247e-05	[78.988, 56.34]	[5.51225375, 10.8023421875]
R	173	1.0307432603440247e-05	[79.078, 56.57]	[5.3722425, 10.775734375]
R	174	1.0307432603440247e-05	[79.094, 56.87]	[5.43299125, 10.9688375]
R	175	1.0307432603440247e-05	[79.334, 56.6]	[5.40570875, 11.00868125]
R	176	1.0307432603440247e-05	[79.35, 56.7]	[5.34501, 10.9560453125]
R	177	1.0307432603440247e-05	[79.0, 56.63]	[5.41702375, 10.962125]
R	178	1.0307432603440247e-05	[79.054, 56.52]	[5.484175, 10.947146875]
R	179	1.0307432603440247e-05	[79.448, 56.37]	[5.3271575, 11.03338125]
R	180	1.0307432603440247e-05	[79.34, 56.7]	[5.35217875, 10.8316703125]
R	181	1.0307432603440247e-05	[79.33, 56.51]	[5.333965625, 10.9371828125]
R	182	1.0307432603440247e-05	[79.458, 56.54]	[5.2917575, 10.8058453125]
R	183	1.0307432603440247e-05	[79.478, 56.51]	[5.2886325, 10.865415625]
R	184	1.0307432603440247e-05	[79.738, 56.7]	[5.337230625, 11.1132125]
R	185	1.0307432603440247e-05	[79.67, 56.38]	[5.34565125, 11.0732078125]
R	186	1.0307432603440247e-05	[79.304, 56.53]	[5.50959125, 11.2090609375]
R	187	1.0307432603440247e-05	[79.58, 56.62]	[5.35652875, 10.957053125]
R	188	1.0307432603440247e-05	[79.646, 56.8]	[5.207214375, 10.840784375]
R	189	1.0307432603440247e-05	[79.688, 56.6]	[5.2185915625, 10.852034375]
R	190	1.0307432603440247e-05	[79.904, 56.67]	[5.2217475, 11.0318359375]
R	191	1.0307432603440247e-05	[79.854, 56.52]	[5.1974878125, 11.029421875]
R	192	1.0307432603440247e-05	[79.868, 56.74]	[5.1167740625, 11.0060515625]
R	193	1.0307432603440247e-05	[80.012, 56.71]	[5.1822828125, 11.04794375]
R	194	1.0307432603440247e-05	[80.214, 56.47]	[5.1696721875, 10.9336875]
R	195	1.0307432603440247e-05	[79.796, 56.61]	[5.29648625, 11.1051046875]
R	196	1.0307432603440247e-05	[79.99, 56.89]	[5.205373125, 10.924653125]
R	197	1.0307432603440247e-05	[80.202, 56.65]	[5.0289025, 10.847634375]
R	198	1.0307432603440247e-05	[80.218, 56.73]	[5.108658125, 10.941334375]
R	199	1.0307432603440247e-05	[80.144, 56.83]	[5.121569375, 10.84728125]
